[19,0.1166837215423584],
[19,0.12642693519592285],
[19,0.13642430305480957],
[19,0.1463336944580078],
[19,0.15638327598571777],
[19,0.16646790504455566],
[19,0.17645716667175293],
[19,0.1865525245666504],
[19,0.196394681930542],
[19,0.20629024505615234],
[19,0.21642184257507324],
[19,0.22664928436279297],
[19,0.23655104637145996],
[19,0.2464456558227539],
[19,0.25634312629699707],
[19,0.26643872261047363],
[19,0.27641940116882324],
[19,0.28651952743530273],
[19,0.2966482639312744],
[19,0.30618858337402344],
[19,0.3163290023803711],
[19,0.32627439498901367],
[19,0.33647775650024414],
[19,0.3466649055480957],
[19,0.35651683807373047],
[19,0.36646175384521484],
[19,0.37587761878967285],
[19,0.3860659599304199],
[19,0.3963336944580078],
[19,0.40612316131591797],
[19,0.41607141494750977],
[19,0.4264678955078125],
[19,0.43622517585754395],
[19,0.44661593437194824],
[19,0.4565103054046631],
[19,0.4661991596221924],
[19,0.47632837295532227],
[19,0.4861924648284912],
[19,0.4962296485900879],
[19,0.5066726207733154],
[19,0.5165395736694336],
[19,0.5264890193939209],
[19,0.5363452434539795],
[19,0.5461485385894775],
[19,0.5560388565063477],
[19,0.566072940826416],
[19,0.5760612487792969],
[19,0.585974931716919],
[19,0.5963523387908936],
[19,0.6062817573547363],
[19,0.6161007881164551],
[19,0.6265456676483154],
[19,0.6366500854492188],
[19,0.6461317539215088],
[19,0.6562089920043945],
[19,0.6662325859069824],
[19,0.6762182712554932],
[19,0.6863782405853271],
[19,0.6960868835449219],
[19,0.7060964107513428],
[19,0.7162699699401855],
[19,0.7261834144592285],
[19,0.736102819442749],
[19,0.7462184429168701],
[19,0.7561864852905273],
[19,0.7661092281341553],
[19,0.7761662006378174],
[19,0.7862048149108887],
[19,0.796210765838623],
[19,0.8064496517181396],
[19,0.8164315223693848],
[19,0.8261525630950928],
[19,0.8363015651702881],
[19,0.8462417125701904],
[19,0.8561291694641113],
[19,0.8661201000213623],
[19,0.8762679100036621],
[19,0.8861267566680908],
[19,0.8961606025695801],
[19,0.906409740447998],
[19,0.9164214134216309],
[19,0.9262502193450928],
[19,0.936384916305542],
[19,0.9464395046234131],
[19,0.9562640190124512],
[19,0.9664382934570312],
[19,0.9764144420623779],
[19,0.9862291812896729],
[19,0.996290922164917],
[19,1.0062789916992188],
[19,1.0156948566436768],
[19,1.0264778137207031],
[19,1.0363829135894775],
[19,1.0462779998779297],
[19,1.0563714504241943],
[19,1.0663766860961914],
[19,1.0762958526611328],
[19,1.0864026546478271],
[19,1.0963780879974365],
[19,1.1062886714935303],
[19,1.116253137588501],
[19,1.126298427581787],
[19,1.1361331939697266],
[19,1.1462810039520264],
[19,1.1561696529388428],
[19,1.1660730838775635],
[19,1.176218032836914],
[19,1.1861505508422852],
[19,1.1960911750793457],
[19,1.2060060501098633],
[19,1.2161502838134766],
[19,1.226240634918213],
[19,1.2360382080078125],
[19,1.2461683750152588],
[19,1.2562265396118164],
[19,1.2661199569702148],
[19,1.2761030197143555],
[19,1.286372184753418],
[19,1.296262264251709],
[19,1.3062772750854492],
[19,1.3162627220153809],
[19,1.3262128829956055],
[19,1.3363065719604492],
[19,1.346092939376831],
[19,1.35597562789917],
[19,1.3664824962615967],
[19,1.3762261867523193],
[19,1.3861446380615234],
[19,1.3964121341705322],
[19,1.406261920928955],
[19,1.4162068367004395],
[19,1.4262490272521973],
[19,1.4362289905548096],
[19,1.4462099075317383],
[19,1.4562630653381348],
[19,1.4663500785827637],
[19,1.476191759109497],
[19,1.486222267150879],
[19,1.4961910247802734],
[19,1.5061583518981934],
[19,1.5160691738128662],
[19,1.5265471935272217],
[19,1.5363571643829346],
[19,1.5462589263916016],
[19,1.556014060974121],
[19,1.5662157535552979],
[19,1.576082706451416],
[19,1.5860445499420166],
[19,1.5961923599243164],
[19,1.6060125827789307],
[19,1.6162021160125732],
[19,1.6262023448944092],
[19,1.6361045837402344],
[19,1.6461703777313232],
[19,1.6554780006408691],
[19,1.6662368774414062],
[19,1.6761889457702637],
[19,1.6861650943756104],
[19,1.6961138248443604],
[19,1.70640230178833],
[19,1.7163243293762207],
[19,1.726386547088623],
[19,1.7362468242645264],
[19,1.7463879585266113],
[19,1.7563292980194092],
[19,1.7661433219909668],
[19,1.7762260437011719],
[19,1.7861862182617188],
[19,1.7962737083435059],
[19,1.8062467575073242],
[19,1.8161373138427734],
[19,1.8262357711791992],
[19,1.8362576961517334],
[19,1.8462469577789307],
[19,1.8562865257263184],
[19,1.8660614490509033],
[19,1.8762900829315186],
[19,1.8864195346832275],
[19,1.8965516090393066],
[19,1.9066276550292969],
[19,1.916128396987915],
[19,1.92618989944458],
[19,1.9362330436706543],
[19,1.946321964263916],
[19,1.9561800956726074],
[19,1.9661760330200195],
[19,1.9761130809783936],
[19,1.9862005710601807],
[19,1.996520757675171],
[19,2.0063400268554688],
[19,2.016387939453125],
[19,2.0265884399414062],
[19,2.0361695289611816],
[19,2.046506881713867],
[19,2.056192636489868],
[19,2.0661871433258057],
[19,2.0762126445770264],
[19,2.0860493183135986],
[19,2.096306085586548],
[19,2.1063573360443115],
[19,2.1162848472595215],
[19,2.12624454498291],
[19,2.13631534576416],
[19,2.146900177001953],
[19,2.156146764755249],
[19,2.1662607192993164],
[19,2.176102638244629],
[19,2.186084032058716],
[19,2.1964192390441895],
[19,2.206057071685791],
[19,2.2162833213806152],
[19,2.226142406463623],
[19,2.236175298690796],
[19,2.246408462524414],
[19,2.2560689449310303],
[19,2.2662928104400635],
[19,2.2761056423187256],
[19,2.2862460613250732],
[19,2.2957117557525635],
[19,2.3061978816986084],
[19,2.3161587715148926],
[19,2.32623553276062],
[19,2.3361992835998535],
[19,2.3462066650390625],
[19,2.356208562850952],
[19,2.3661952018737793],
[19,2.3761603832244873],
[19,2.3862111568450928],
[19,2.3963515758514404],
[19,2.4063570499420166],
[19,2.4161176681518555],
[19,2.42623233795166],
[19,2.4361042976379395],
[19,2.4462645053863525],
[19,2.4561331272125244],
[19,2.4660303592681885],
[19,2.4760470390319824],
[19,2.486081600189209],
[19,2.4960122108459473],
[19,2.506051778793335],
[19,2.516021490097046],
[19,2.5264346599578857],
[19,2.536334753036499],
[19,2.5462517738342285],
[16,2.556384801864624],
[16,2.5662894248962402],
[11,2.5764195919036865],
[11,2.586557626724243],
[5,2.596285820007324],
[5,2.6064605712890625],
[0,2.6164276599884033],
[0,2.6263859272003174],
[-7,2.6364259719848633],
[-7,2.646260976791382],
[-12,2.6562914848327637],
[-12,2.6665127277374268],
[-18,2.676248550415039],
[-18,2.686418294906616],
[-20,2.696131944656372],
[-23,2.7062816619873047],
[-26,2.7164721488952637],
[-29,2.7261464595794678],
[-35,2.736337184906006],
[-35,2.746433734893799],
[-40,2.756157636642456],
[-40,2.7662739753723145],
[-43,2.7763936519622803],
[-46,2.7864391803741455],
[-48,2.7963430881500244],
[-51,2.8063862323760986],
[-54,2.8164429664611816],
[-57,2.8263306617736816],
[-62,2.8363542556762695],
[-62,2.8463757038116455],
[-65,2.856431722640991],
[-68,2.8663322925567627],
[-73,2.8763315677642822],
[-73,2.88643217086792],
[-76,2.8962724208831787],
[-78,2.906196117401123],
[-81,2.9163007736206055],
[-84,2.926384925842285],
[-87,2.93583345413208],
[-89,2.946401834487915],
[-92,2.9564003944396973],
[-95,2.966327667236328],
[-97,2.9764013290405273],
[-100,2.9862608909606934],
[-103,2.996654748916626],
[-105,3.006744861602783],
[-108,3.0167527198791504],
[-111,3.026334524154663],
[-114,3.0364930629730225],
[-116,3.0463967323303223],
[-118,3.05606746673584],
[-121,3.066138744354248],
[-123,3.0761170387268066],
[-125,3.0860161781311035],
[-127,3.0961108207702637],
[-128,3.106055736541748],
[-129,3.116394281387329],
[-130,3.1264877319335938],
[-130,3.1362082958221436],
[-130,3.1463944911956787],
[-130,3.1562113761901855],
[-130,3.166077136993408],
[-129,3.1763787269592285],
[-128,3.186110019683838],
[-127,3.1962192058563232],
[-126,3.2062344551086426],
[-125,3.2161386013031006],
[-124,3.2262520790100098],
[-123,3.2361791133880615],
[-122,3.246173620223999],
[-121,3.256258726119995],
[-120,3.2668564319610596],
[-119,3.276148557662964],
[-117,3.286241292953491],
[-116,3.296297311782837],
[-115,3.306468963623047],
[-113,3.3163135051727295],
[-112,3.3268187046051025],
[-110,3.336721897125244],
[-109,3.34659481048584],
[-107,3.356659173965454],
[-106,3.366487503051758],
[-104,3.3763926029205322],
[-103,3.386413097381592],
[-102,3.3963217735290527],
[-101,3.4064290523529053],
[-101,3.4164209365844727],
[-100,3.4264252185821533],
[-99,3.4364700317382812],
[-99,3.4464001655578613],
[-99,3.4564175605773926],
[-99,3.466618061065674],
[-99,3.4764044284820557],
[-99,3.486318588256836],
[-99,3.4964675903320312],
[-99,3.5061819553375244],
[-99,3.516218423843384],
[-99,3.52651309967041],
[-99,3.5361335277557373],
[-99,3.5464282035827637],
[-99,3.556314706802368],
[-99,3.566114664077759],
[-99,3.5758352279663086],
[-99,3.5861899852752686],
[-99,3.5961720943450928],
[-99,3.6063475608825684],
[-99,3.6161768436431885],
[-99,3.6262974739074707],
[-99,3.6363160610198975],
[-100,3.6461868286132812],
[-100,3.6562795639038086],
[-100,3.6663413047790527],
[-100,3.676279306411743],
[-101,3.686337471008301],
[-101,3.6962780952453613],
[-101,3.70622181892395],
[-101,3.7164382934570312],
[-102,3.7263383865356445],
[-102,3.736170530319214],
[-102,3.746347665786743],
[-102,3.7562921047210693],
[-102,3.766238212585449],
[-103,3.7762603759765625],
[-103,3.7862324714660645],
[-103,3.7962024211883545],
[-103,3.8064236640930176],
[-103,3.816075563430786],
[-103,3.8261423110961914],
[-103,3.8362679481506348],
[-103,3.8462212085723877],
[-103,3.8561670780181885],
[-103,3.866170883178711],
[-103,3.8763322830200195],
[-103,3.8861701488494873],
[-103,3.8961238861083984],
[-103,3.9063971042633057],
[-103,3.9163906574249268],
[-103,3.9262120723724365],
[-103,3.9362738132476807],
[-103,3.9462857246398926],
[-103,3.9561092853546143],
[-103,3.9663572311401367],
[-103,3.9762651920318604],
[-103,3.9861817359924316],
[-103,3.9962682723999023],
[-103,4.006239891052246],
[-103,4.016321420669556],
[-103,4.026103973388672],
[-103,4.036212682723999],
[-103,4.046353340148926],
[-103,4.056105613708496],
[-103,4.066223859786987],
[-103,4.076160907745361],
[-103,4.086221218109131],
[-103,4.0962302684783936],
[-103,4.106116533279419],
[-103,4.116273403167725],
[-103,4.126266956329346],
[-103,4.136176586151123],
[-103,4.146280765533447],
[-103,4.156123638153076],
[-103,4.1663618087768555],
[-103,4.176124572753906],
[-103,4.186234951019287],
[-103,4.196351766586304],
[-103,4.20617938041687],
[-103,4.215700149536133],
[-103,4.226190090179443],
[-103,4.236085653305054],
[-103,4.246192932128906],
[-103,4.256127595901489],
[-103,4.266149282455444],
[-103,4.276650667190552],
[-103,4.2862348556518555],
[-103,4.296117305755615],
[-103,4.306219577789307],
[-103,4.316220045089722],
[-103,4.326231479644775],
[-103,4.33620023727417],
[-103,4.346236944198608],
[-103,4.356070518493652],
[-103,4.366267442703247],
[-103,4.376974821090698],
[-103,4.386570930480957],
[-103,4.396241903305054],
[-103,4.406519174575806],
[-103,4.416202068328857],
[-103,4.426366090774536],
[-103,4.436210870742798],
[-103,4.446157217025757],
[-103,4.4562602043151855],
[-103,4.466261863708496],
[-103,4.476470708847046],
[-103,4.486544132232666],
[-103,4.496592283248901],
[-103,4.50609564781189],
[-103,4.5162034034729],
[-103,4.526283025741577],
[-103,4.536108016967773],
[-103,4.546346187591553],
[-103,4.5562450885772705],
[-103,4.566096067428589],
[-103,4.576308250427246],
[-103,4.586366653442383],
[-103,4.596509695053101],
[-103,4.60623836517334],
[-103,4.616225957870483],
[-103,4.62657356262207],
[-103,4.63623833656311],
[-103,4.646345615386963],
[-103,4.656367301940918],
[-103,4.666342735290527],
[-103,4.676475524902344],
[-103,4.686756610870361],
[-103,4.696372747421265],
[-103,4.706396579742432],
[-103,4.716318368911743],
[-103,4.726346254348755],
[-103,4.736289739608765],
[-103,4.746347904205322],
[-103,4.75615119934082],
[-103,4.766420364379883],
[-103,4.776756763458252],
[-103,4.786454677581787],
[-103,4.79644250869751],
[-103,4.806265115737915],
[-103,4.816197156906128],
[-103,4.826268911361694],
[-103,4.836255073547363],
[-103,4.846013069152832],
[-103,4.855594158172607],
[-103,4.86613917350769],
[-103,4.876008749008179],
[-103,4.886108875274658],
[-103,4.896093845367432],
[-103,4.905963659286499],
[-103,4.916053533554077],
[-103,4.92611289024353],
[-103,4.935981512069702],
[-103,4.9461915493011475],
[-103,4.956141471862793],
[-103,4.965991735458374],
[-103,4.976198196411133],
[-103,4.985978364944458],
[-103,4.996149778366089],
[-103,5.006178855895996],
[-103,5.016047477722168],
[-103,5.026243209838867],
[-103,5.03610634803772],
[-103,5.04618239402771],
[-103,5.056182861328125],
[-103,5.066087961196899],
[-103,5.076233863830566],
[-103,5.086181879043579],
[-103,5.096105575561523],
[-103,5.10625958442688],
[-103,5.116191387176514],
[-103,5.126133680343628],
[-103,5.13638710975647],
[-103,5.146517992019653],
[-103,5.156264066696167],
[-103,5.166431903839111],
[-103,5.176440954208374],
[-103,5.186251640319824],
[-103,5.19645881652832],
[-103,5.206462144851685],
[-103,5.2162652015686035],
[-103,5.226475715637207],
[-103,5.236299276351929],
[-103,5.246233940124512],
[-103,5.25628662109375],
[-103,5.2662672996521],
[-103,5.276186227798462],
[-103,5.286294937133789],
[-103,5.296246290206909],
[-103,5.30614972114563],
[-103,5.316154956817627],
[-103,5.32624888420105],
[-103,5.336210489273071],
[-103,5.346187591552734],
[-103,5.356249809265137],
[-103,5.366290807723999],
[-103,5.37616491317749],
[-103,5.386259317398071],
[-103,5.3962719440460205],
[-103,5.406244993209839],
[-103,5.4162726402282715],
[-103,5.426542520523071],
[-103,5.4360480308532715],
[-103,5.446296215057373],
[-103,5.456309080123901],
[-103,5.466409206390381],
[-103,5.476271152496338],
[-103,5.486269474029541],
[-103,5.495577096939087],
[-103,5.506271600723267],
[-103,5.516157627105713],
[-103,5.526346921920776],
[-103,5.536215305328369],
[-103,5.546108722686768],
[-103,5.556206703186035],
[-103,5.566228151321411],
[-103,5.576183557510376],
[-103,5.586196660995483],
[-103,5.596134662628174],
[-103,5.606373310089111],
[-103,5.616047143936157],
[-103,5.626104354858398],
[-103,5.63621711730957],
[-103,5.6461851596832275],
[-103,5.655987501144409],
[-103,5.666398763656616],
[-103,5.676136255264282],
[-103,5.686248302459717],
[-103,5.6962385177612305],
[-103,5.706174612045288],
[-103,5.716345548629761],
[-103,5.726481676101685],
[-103,5.736632347106934],
[-103,5.746323585510254],
[-103,5.756288766860962],
[-103,5.766366004943848],
[-103,5.776176691055298],
[-103,5.786279201507568],
[-103,5.796415328979492],
[-103,5.806341171264648],
[-103,5.81631875038147],
[-103,5.8263840675354],
[-103,5.836312294006348],
[-103,5.846592664718628],
[-103,5.85634970664978],
[-103,5.866183757781982],
[-103,5.87642240524292],
[-103,5.886404991149902],
[-103,5.89628267288208],
[-103,5.906376361846924],
[-103,5.916407823562622],
[-103,5.9263715744018555],
[-103,5.936392307281494],
[-103,5.9464123249053955],
[-103,5.956421375274658],
[-103,5.966263055801392],
[-103,5.976296424865723],
[-103,5.986394643783569],
[-103,5.9962921142578125],
[-103,6.006416320800781],
[-103,6.016827344894409],
[-103,6.0262291431427],
[-103,6.036422491073608],
[-103,6.046414613723755],
[-103,6.056270599365234],
[-103,6.066223621368408],
[-103,6.076149225234985],
[-103,6.0859949588775635],
[-103,6.096150159835815],
[-103,6.106311798095703],
[-103,6.116137504577637],
[-103,6.126235008239746],
[-103,6.136120557785034],
[-103,6.146285057067871],
[-103,6.156266927719116],
[-103,6.16623854637146],
[-103,6.176263809204102],
[-103,6.186338424682617],
[-103,6.196627855300903],
[-103,6.206214666366577],
[-103,6.21621036529541],
[-103,6.22639536857605],
[-103,6.236242771148682],
[-103,6.246628761291504],
[-103,6.256387233734131],
[-103,6.266258955001831],
[-103,6.276397466659546],
[-103,6.286479949951172],
[-103,6.296458005905151],
[-103,6.306548357009888],
[-103,6.316410541534424],
[-103,6.326323986053467],
[-103,6.336142539978027],
[-103,6.3462443351745605],
[-103,6.35622763633728],
[-103,6.3662190437316895],
[-103,6.376232862472534],
[-103,6.386266469955444],
[-103,6.396194219589233],
[-103,6.406243562698364],
[-103,6.416425704956055],
[-103,6.426384449005127],
[-103,6.4366984367370605],
[-103,6.446430206298828],
[-103,6.456135988235474],
[-103,6.466373920440674],
[-103,6.476383924484253],
[-103,6.486235857009888],
[-103,6.496314764022827],
[-103,6.506224632263184],
[-103,6.516258478164673],
[-103,6.526754856109619],
[-103,6.536454916000366],
[-103,6.546466827392578],
[-103,6.556143760681152],
[-103,6.566237211227417],
[-103,6.576379060745239],
[-103,6.586259126663208],
[-103,6.5966503620147705],
[-103,6.606226205825806],
[-103,6.616286754608154],
[-103,6.626535415649414],
[-103,6.6363701820373535],
[-103,6.6464526653289795],
[-103,6.656357049942017],
[-103,6.666234016418457],
[-103,6.6762917041778564],
[-103,6.686433792114258],
[-103,6.696357011795044],
[-103,6.706197261810303],
[-103,6.716378211975098],
[-103,6.726454734802246],
[-103,6.7362542152404785],
[-103,6.746362924575806],
[-103,6.756315469741821],
[-103,6.7662670612335205],
[-103,6.775822401046753],
[-103,6.786393880844116],
[-103,6.796335697174072],
[-103,6.806353807449341],
[-103,6.816655874252319],
[-103,6.826465845108032],
[-103,6.836442470550537],
[-103,6.846280097961426],
[-103,6.856205463409424],
[-103,6.866423845291138],
[-103,6.876319646835327],
[-103,6.886192798614502],
[-103,6.896414518356323],
[-103,6.90641450881958],
[-103,6.9162983894348145],
[-103,6.926398754119873],
[-103,6.9363694190979],
[-103,6.946401357650757],
[-103,6.956369638442993],
[-103,6.966408014297485],
[-103,6.976316452026367],
[-103,6.9864349365234375],
[-103,6.99642276763916],
[-103,7.006289720535278],
[-103,7.016300678253174],
[-103,7.026413917541504],
[-103,7.036315441131592],
[-103,7.046316146850586],
[-103,7.056397438049316],
[-103,7.066489219665527],
[-103,7.076370477676392],
[-103,7.086498975753784],
[-103,7.09637975692749],
[-103,7.106487035751343],
[-103,7.116360425949097],
[-103,7.126556158065796],
[-103,7.136549711227417],
[-103,7.146286487579346],
[-103,7.1563239097595215],
[-103,7.166558027267456],
[-103,7.176199197769165],
[-103,7.186458349227905],
[-103,7.196379661560059],
[-103,7.206471681594849],
[-103,7.216745615005493],
[-103,7.2264463901519775],
[-103,7.2363786697387695],
[-103,7.246405839920044],
[-103,7.2563157081604],
[-103,7.266611814498901],
[-103,7.276492357254028],
[-103,7.2862701416015625],
[-103,7.296349048614502],
[-103,7.3062827587127686],
[-103,7.3164472579956055],
[-103,7.326299667358398],
[-103,7.336353302001953],
[-103,7.3464837074279785],
[-103,7.356220245361328],
[-103,7.366463661193848],
[-103,7.376337289810181],
[-103,7.386355400085449],
[-103,7.396472930908203],
[-103,7.40621542930603],
[-103,7.415966510772705],
[-103,7.426475286483765],
[-103,7.4363343715667725],
[-103,7.4463582038879395],
[-103,7.456364631652832],
[-103,7.466444969177246],
[-103,7.476341247558594],
[-103,7.48638391494751],
[-103,7.496433258056641],
[-103,7.506476163864136],
[-103,7.516456842422485],
[-103,7.526519536972046],
[-103,7.53625226020813],
[-103,7.546637058258057],
[-103,7.556358337402344],
[-103,7.566258430480957],
[-103,7.576393365859985],
[-103,7.586220979690552],
[-103,7.59660267829895],
[-103,7.606271982192993],
[-103,7.6162474155426025],
[-103,7.626864194869995],
[-103,7.636319875717163],
[-103,7.6464152336120605],
[-103,7.656408309936523],
[-103,7.666315078735352],
[-103,7.676429986953735],
[-103,7.687003135681152],
[-103,7.696631193161011],
[-103,7.7066969871521],
[-103,7.716326475143433],
[-103,7.726238965988159],
[-103,7.736539125442505],
[-103,7.746613025665283],
[-103,7.756558418273926],
[-103,7.766563892364502],
[-103,7.776568651199341],
[-103,7.78653883934021],
[-103,7.796489477157593],
[-103,7.806565046310425],
[-103,7.816205978393555],
[-103,7.826455593109131],
[-103,7.8366169929504395],
[-103,7.846656322479248],
[-103,7.8565638065338135],
[-103,7.866694927215576],
[-103,7.876567602157593],
[-103,7.886636734008789],
[-103,7.8966028690338135],
[-103,7.906660079956055],
[-103,7.916352033615112],
[-103,7.926373243331909],
[-103,7.936350584030151],
[-103,7.94622802734375],
[-103,7.956313848495483],
[-103,7.966569900512695],
[-103,7.976332664489746],
[-103,7.986479043960571],
[-103,7.9963531494140625],
[-103,8.006295680999756],
[-103,8.01635479927063],
[-103,8.026600122451782],
[-103,8.036726713180542],
[-103,8.046236276626587],
[-103,8.05567717552185],
[-103,8.066524982452393],
[-103,8.076250314712524],
[-103,8.086400747299194],
[-103,8.096577405929565],
[-103,8.10625171661377],
[-103,8.116287469863892],
[-103,8.126388311386108],
[-103,8.13660717010498],
[-103,8.146698951721191],
[-103,8.156337022781372],
[-103,8.166362285614014],
[-103,8.17627239227295],
[-103,8.18623971939087],
[-103,8.196417331695557],
[-103,8.20665431022644],
[-103,8.216283082962036],
[-103,8.226428508758545],
[-103,8.23630976676941],
[-103,8.24619436264038],
[-103,8.256382465362549],
[-103,8.266274213790894],
[-103,8.276239395141602],
[-103,8.28647494316101],
[-103,8.296241760253906],
[-103,8.306241273880005],
[-103,8.316270589828491],
[-103,8.326651334762573],
[-103,8.33640432357788],
[-103,8.346200942993164],
[-103,8.356393337249756],
[-103,8.36643099784851],
[-103,8.376328945159912],
[-103,8.38650894165039],
[-103,8.396257638931274],
[-103,8.406497478485107],
[-103,8.416419267654419],
[-103,8.42647647857666],
[-103,8.436232805252075],
[-103,8.446174144744873],
[-103,8.456295490264893],
[-103,8.466199159622192],
[-103,8.476175785064697],
[-103,8.486344337463379],
[-103,8.496133804321289],
[-103,8.50626540184021],
[-103,8.516253471374512],
[-103,8.5261070728302],
[-103,8.53631854057312],
[-103,8.546253204345703],
[-103,8.556085348129272],
[-103,8.566248655319214],
[-103,8.576237678527832],
