[138,0.1158745288848877],
[138,0.12554049491882324],
[138,0.1357729434967041],
[138,0.1456739902496338],
[138,0.15553689002990723],
[138,0.16564631462097168],
[138,0.17565655708312988],
[138,0.18571782112121582],
[138,0.19570064544677734],
[138,0.20572257041931152],
[138,0.21573829650878906],
[138,0.2256450653076172],
[138,0.23589038848876953],
[138,0.2457904815673828],
[138,0.2557241916656494],
[138,0.2658402919769287],
[138,0.2757532596588135],
[138,0.2857029438018799],
[138,0.29554128646850586],
[138,0.3055233955383301],
[138,0.31571245193481445],
[138,0.32551121711730957],
[138,0.33556580543518066],
[138,0.3455071449279785],
[138,0.35533738136291504],
[138,0.3656914234161377],
[138,0.37552762031555176],
[138,0.38548970222473145],
[138,0.39557647705078125],
[138,0.4050633907318115],
[138,0.4154965877532959],
[138,0.4254035949707031],
[138,0.4354572296142578],
[138,0.4454972743988037],
[138,0.45538973808288574],
[138,0.46541714668273926],
[138,0.475482702255249],
[138,0.4859154224395752],
[138,0.49550628662109375],
[138,0.5056095123291016],
[138,0.515622615814209],
[138,0.5253596305847168],
[138,0.5357115268707275],
[138,0.5455245971679688],
[138,0.555516242980957],
[138,0.5655045509338379],
[138,0.5758070945739746],
[138,0.5855391025543213],
[138,0.5954983234405518],
[138,0.6053297519683838],
[138,0.6156890392303467],
[138,0.6255300045013428],
[138,0.635338544845581],
[138,0.6456830501556396],
[138,0.6554315090179443],
[138,0.6655569076538086],
[138,0.6754076480865479],
[138,0.685478925704956],
[138,0.6955521106719971],
[138,0.7054557800292969],
[139,0.715639591217041],
[139,0.725358247756958],
[139,0.7354426383972168],
[139,0.7455475330352783],
[139,0.7553501129150391],
[139,0.7656326293945312],
[139,0.7756476402282715],
[139,0.7855193614959717],
[139,0.7956287860870361],
[139,0.8054382801055908],
[139,0.8154921531677246],
[139,0.8255503177642822],
[139,0.8354752063751221],
[139,0.8455343246459961],
[139,0.8554198741912842],
[139,0.8656251430511475],
[139,0.8755679130554199],
[139,0.8855118751525879],
[139,0.895533561706543],
[139,0.9055135250091553],
[139,0.9154767990112305],
[139,0.9253966808319092],
[139,0.935720682144165],
[139,0.945537805557251],
[139,0.9555151462554932],
[139,0.965569257736206],
[139,0.9754838943481445],
[139,0.9855117797851562],
[139,0.9955189228057861],
[139,1.005584955215454],
[139,1.0155105590820312],
[139,1.0255048274993896],
[139,1.0354955196380615],
[139,1.044931411743164],
[139,1.0555810928344727],
[139,1.0653836727142334],
[139,1.07566499710083],
[139,1.0854384899139404],
[139,1.0955266952514648],
[139,1.1055371761322021],
[139,1.1154136657714844],
[139,1.1255228519439697],
[139,1.1355640888214111],
[139,1.1455662250518799],
[139,1.1554532051086426],
[139,1.165592908859253],
[139,1.175590991973877],
[139,1.1854231357574463],
[139,1.1956517696380615],
[139,1.205568552017212],
[139,1.2156400680541992],
[139,1.2256345748901367],
[139,1.2356491088867188],
[139,1.2456488609313965],
[139,1.2556846141815186],
[139,1.2656581401824951],
[139,1.2756092548370361],
[139,1.285959243774414],
[139,1.295654296875],
[139,1.3056178092956543],
[139,1.3155763149261475],
[139,1.3255198001861572],
[139,1.3358118534088135],
[139,1.3456928730010986],
[139,1.3556506633758545],
[139,1.3656892776489258],
[139,1.3755381107330322],
[139,1.3854668140411377],
[139,1.3954858779907227],
[139,1.405634880065918],
[139,1.4156785011291504],
[139,1.4255421161651611],
[139,1.4356324672698975],
[139,1.4459235668182373],
[139,1.4557256698608398],
[139,1.4658236503601074],
[139,1.4757118225097656],
[139,1.4858012199401855],
[139,1.495863914489746],
[139,1.5058488845825195],
[139,1.515531063079834],
[139,1.5255849361419678],
[139,1.535604476928711],
[139,1.5458500385284424],
[139,1.555671215057373],
[139,1.5657672882080078],
[139,1.5758981704711914],
[139,1.5855090618133545],
[139,1.5955955982208252],
[139,1.605550765991211],
[139,1.615581750869751],
[139,1.6258158683776855],
[139,1.6355383396148682],
[139,1.6455950736999512],
[139,1.6555945873260498],
[139,1.6655426025390625],
[139,1.6754963397979736],
[139,1.6849617958068848],
[139,1.6954846382141113],
[139,1.705550193786621],
[139,1.7154748439788818],
[139,1.7256019115447998],
[139,1.7354376316070557],
[139,1.7454819679260254],
[138,1.7556161880493164],
[138,1.7654378414154053],
[138,1.7754874229431152],
[138,1.7854559421539307],
[138,1.7954351902008057],
[138,1.8055307865142822],
[138,1.8154714107513428],
[138,1.8254070281982422],
[138,1.835524320602417],
[138,1.845825433731079],
[138,1.855438232421875],
[138,1.8654747009277344],
[138,1.8754894733428955],
[138,1.885521650314331],
[138,1.895763635635376],
[138,1.905604362487793],
[138,1.9154350757598877],
[138,1.92547607421875],
[138,1.9354469776153564],
[138,1.9454314708709717],
[138,1.9555165767669678],
[138,1.9654688835144043],
[138,1.9753854274749756],
[138,1.9854495525360107],
[138,1.995609998703003],
[138,2.0055413246154785],
[138,2.0154716968536377],
[138,2.0254693031311035],
[138,2.0353591442108154],
[138,2.0455002784729004],
[138,2.0554187297821045],
[138,2.0655696392059326],
[138,2.0754308700561523],
[138,2.085448980331421],
[138,2.095470905303955],
[138,2.1054673194885254],
[138,2.115640640258789],
[138,2.125541925430298],
[138,2.135456085205078],
[138,2.145583152770996],
[138,2.1556127071380615],
[138,2.1654863357543945],
[138,2.1755597591400146],
[138,2.185511589050293],
[138,2.195688009262085],
[138,2.2057700157165527],
[138,2.2154934406280518],
[138,2.2256393432617188],
[138,2.2355551719665527],
[138,2.2455337047576904],
[138,2.255441904067993],
[138,2.265648126602173],
[138,2.2755651473999023],
[138,2.285520553588867],
[138,2.295524835586548],
[138,2.3054912090301514],
[138,2.315486431121826],
[138,2.3250081539154053],
[138,2.335352897644043],
[138,2.3459033966064453],
[138,2.355441093444824],
[138,2.3655261993408203],
[138,2.3758649826049805],
[138,2.385434865951538],
[138,2.39551043510437],
[138,2.405536651611328],
[138,2.4154305458068848],
[138,2.425507068634033],
[138,2.435590982437134],
[138,2.445549249649048],
[138,2.4556188583374023],
[138,2.4655561447143555],
[138,2.4754607677459717],
[138,2.485645055770874],
[138,2.4955551624298096],
[138,2.505530595779419],
[138,2.515714645385742],
[138,2.5256025791168213],
[138,2.535540819168091],
[137,2.545553207397461],
[135,2.5555033683776855],
[133,2.5654752254486084],
[130,2.575493812561035],
[127,2.5858569145202637],
[124,2.5957250595092773],
[121,2.6055636405944824],
[118,2.615399122238159],
[115,2.6253044605255127],
[112,2.635481595993042],
[109,2.645493507385254],
[106,2.6554806232452393],
[103,2.665371894836426],
[101,2.6753880977630615],
[98,2.685398578643799],
[95,2.6952998638153076],
[92,2.705509901046753],
[89,2.7153899669647217],
[86,2.7252886295318604],
[83,2.7355189323425293],
[80,2.745393753051758],
[77,2.755335569381714],
[74,2.765436887741089],
[71,2.7752468585968018],
[68,2.7855308055877686],
[65,2.795259714126587],
[62,2.805379629135132],
[59,2.815450429916382],
[56,2.8252499103546143],
[53,2.8353517055511475],
[50,2.8453876972198486],
[47,2.8554887771606445],
[44,2.865212917327881],
[41,2.8752877712249756],
[39,2.8855550289154053],
[36,2.8952455520629883],
[33,2.9054412841796875],
[30,2.9153192043304443],
[27,2.9253668785095215],
[24,2.935765266418457],
[21,2.94565486907959],
[18,2.95546293258667],
[15,2.965137004852295],
[12,2.975494861602783],
[9,2.9858622550964355],
[6,2.9957518577575684],
[3,3.005591869354248],
[0,3.015564203262329],
[-3,3.0256617069244385],
[-6,3.0355308055877686],
[-9,3.0456554889678955],
[-11,3.055572748184204],
[-14,3.0655925273895264],
[-17,3.0755856037139893],
[-20,3.085564136505127],
[-23,3.0956199169158936],
[-26,3.105591058731079],
[-29,3.1155638694763184],
[-32,3.125457525253296],
[-34,3.1357693672180176],
[-37,3.1456801891326904],
[-40,3.1554689407348633],
[-43,3.1657772064208984],
[-46,3.175602912902832],
[-49,3.1855995655059814],
[-51,3.1955971717834473],
[-54,3.205597400665283],
[-57,3.215593099594116],
[-60,3.2255945205688477],
[-63,3.2357170581817627],
[-65,3.245729446411133],
[-68,3.25581693649292],
[-71,3.265430212020874],
[-74,3.275580406188965],
[-77,3.285461187362671],
[-79,3.2956509590148926],
[-82,3.30564546585083],
[-85,3.3154704570770264],
[-88,3.325572967529297],
[-91,3.335794687271118],
[-93,3.3455188274383545],
[-96,3.355607509613037],
[-99,3.3656094074249268],
[-102,3.375447988510132],
[-105,3.3856685161590576],
[-107,3.395585298538208],
[-110,3.40573787689209],
[-113,3.4156041145324707],
[-116,3.425389528274536],
[-118,3.435685873031616],
[-121,3.4457504749298096],
[-124,3.4555368423461914],
[-127,3.4658029079437256],
[-130,3.4754812717437744],
[-132,3.4855523109436035],
[-135,3.495925188064575],
[-138,3.5056369304656982],
[-141,3.515984535217285],
[-143,3.5258827209472656],
[-146,3.535832166671753],
[-149,3.546138048171997],
[-152,3.5555667877197266],
[-155,3.565791130065918],
[-157,3.575655221939087],
[-160,3.5858514308929443],
[-163,3.595738649368286],
[-165,3.6054201126098633],
[-168,3.6158370971679688],
[-171,3.6258554458618164],
[-173,3.6359894275665283],
[-176,3.645585775375366],
[-179,3.6554224491119385],
[-182,3.6655468940734863],
[-184,3.675983190536499],
[-187,3.6854898929595947],
[-190,3.6955759525299072],
[-193,3.705604076385498],
[-195,3.7154929637908936],
[-198,3.7255899906158447],
[-201,3.7356059551239014],
[-203,3.7455239295959473],
[-206,3.7555954456329346],
[-208,3.765404224395752],
[-211,3.7755115032196045],
[-214,3.7857425212860107],
[-216,3.795524835586548],
[-219,3.805591583251953],
[-222,3.8155324459075928],
[-224,3.825376510620117],
[-227,3.835566759109497],
[-230,3.845391035079956],
[-232,3.855482816696167],
[-235,3.8654356002807617],
[-237,3.875356674194336],
[-240,3.8854758739471436],
[-242,3.895541191101074],
[-245,3.9056546688079834],
[-247,3.9155261516571045],
[-250,3.92539381980896],
[-253,3.9353981018066406],
[-255,3.9455389976501465],
[-258,3.955371379852295],
[-260,3.965397596359253],
[-263,3.9754574298858643],
[-265,3.985442876815796],
[-268,3.995353937149048],
[-270,4.005674839019775],
[-273,4.0158727169036865],
[-275,4.025409936904907],
[-278,4.03545069694519],
[-281,4.045461416244507],
[-283,4.055359601974487],
[-285,4.065415859222412],
[-288,4.075574159622192],
[-291,4.0854878425598145],
[-293,4.095418214797974],
[-296,4.105417490005493],
[-298,4.1153199672698975],
[-300,4.125367879867554],
[-302,4.135357141494751],
[-304,4.14557671546936],
[-306,4.155566930770874],
[-307,4.16558051109314],
[-309,4.175426483154297],
[-310,4.1856849193573],
[-310,4.195961952209473],
[-310,4.205785036087036],
[-310,4.215521574020386],
[-310,4.22559118270874],
[-310,4.235678195953369],
[-309,4.245103120803833],
[-309,4.255413770675659],
[-308,4.265649318695068],
[-307,4.27558708190918],
[-306,4.285454273223877],
[-305,4.295910596847534],
[-304,4.30604887008667],
[-302,4.315569639205933],
[-301,4.3256120681762695],
[-300,4.33563494682312],
[-298,4.3454437255859375],
[-297,4.355571746826172],
[-296,4.365777015686035],
[-294,4.375880718231201],
[-293,4.385668516159058],
[-291,4.395556688308716],
[-290,4.40545654296875],
[-289,4.416064739227295],
[-288,4.425582647323608],
[-287,4.435686826705933],
[-286,4.445590019226074],
[-286,4.4557483196258545],
[-285,4.465577125549316],
[-285,4.47571587562561],
[-285,4.485795259475708],
[-285,4.495492458343506],
[-285,4.505713701248169],
[-286,4.5156569480896],
[-286,4.52548360824585],
[-286,4.535588502883911],
[-287,4.545611619949341],
[-287,4.555670499801636],
[-287,4.565688371658325],
[-288,4.5755579471588135],
[-288,4.585586071014404],
[-289,4.596002578735352],
[-289,4.605768203735352],
[-289,4.615749835968018],
[-290,4.625708341598511],
[-290,4.6355626583099365],
[-290,4.645613431930542],
[-290,4.655710697174072],
[-290,4.665865182876587],
[-290,4.675599098205566],
[-291,4.685697555541992],
[-291,4.695568799972534],
[-291,4.705613136291504],
[-291,4.715612888336182],
[-291,4.725783824920654],
[-291,4.735665321350098],
[-291,4.7455971240997314],
[-291,4.755413293838501],
[-291,4.7656168937683105],
[-291,4.776006698608398],
[-291,4.785535573959351],
[-291,4.79564905166626],
[-291,4.805738687515259],
[-291,4.815442085266113],
[-291,4.825383186340332],
[-291,4.835439443588257],
[-291,4.845243692398071],
[-291,4.855411529541016],
[-291,4.8653271198272705],
[-291,4.875197172164917],
[-291,4.884873151779175],
[-291,4.8952319622039795],
[-291,4.905325412750244],
[-291,4.915277481079102],
[-291,4.925243616104126],
[-291,4.935367822647095],
[-291,4.9454779624938965],
[-291,4.955518484115601],
[-291,4.965543270111084],
[-291,4.975573539733887],
[-291,4.98560357093811],
[-291,4.995654344558716],
[-291,5.005978584289551],
[-291,5.015489339828491],
[-291,5.025583028793335],
[-291,5.035559177398682],
[-291,5.045501232147217],
[-291,5.055696964263916],
[-291,5.065999507904053],
[-291,5.075589656829834],
[-291,5.0856287479400635],
[-291,5.09558367729187],
[-291,5.105536460876465],
[-291,5.1157050132751465],
[-291,5.125588893890381],
[-291,5.135592460632324],
[-291,5.145574569702148],
[-291,5.155941724777222],
[-291,5.165586471557617],
[-291,5.1756510734558105],
[-291,5.185546398162842],
[-291,5.195500612258911],
[-291,5.205469369888306],
[-291,5.2159669399261475],
[-291,5.225464582443237],
[-291,5.2356109619140625],
[-291,5.245593547821045],
[-291,5.255723237991333],
[-291,5.2655274868011475],
[-291,5.275590896606445],
[-291,5.285627126693726],
[-291,5.295599937438965],
[-291,5.30561089515686],
[-291,5.315603971481323],
[-291,5.32550835609436],
[-291,5.335641384124756],
[-291,5.3456971645355225],
[-291,5.35551905632019],
[-291,5.365753173828125],
[-291,5.375526428222656],
[-291,5.38578724861145],
[-291,5.3955419063568115],
[-291,5.4057393074035645],
[-291,5.415924310684204],
[-291,5.425534009933472],
[-291,5.435769081115723],
[-291,5.44564151763916],
[-291,5.455897808074951],
[-291,5.465555191040039],
[-291,5.475513935089111],
[-291,5.485673427581787],
[-291,5.4954822063446045],
[-291,5.505759000778198],
[-291,5.51566481590271],
[-291,5.525119304656982],
[-291,5.535713195800781],
[-291,5.545506715774536],
[-291,5.5556018352508545],
[-291,5.565648794174194],
[-291,5.575741529464722],
[-291,5.5856428146362305],
[-291,5.595665693283081],
[-291,5.605595111846924],
[-291,5.616061449050903],
[-291,5.6256983280181885],
[-291,5.635631322860718],
[-291,5.645681619644165],
[-291,5.655681848526001],
[-291,5.665654182434082],
[-291,5.675676107406616],
[-291,5.685665607452393],
[-291,5.695631504058838],
[-291,5.7058634757995605],
[-291,5.715792179107666],
[-291,5.725579023361206],
[-291,5.7358598709106445],
[-291,5.74591326713562],
[-291,5.755586385726929],
[-291,5.765757083892822],
[-291,5.775694131851196],
[-291,5.78567099571228],
[-291,5.795739650726318],
[-291,5.8055665493011475],
[-291,5.815776824951172],
[-291,5.825808525085449],
[-291,5.8355872631073],
[-291,5.845807313919067],
[-291,5.855598449707031],
[-291,5.8656651973724365],
[-291,5.875733137130737],
[-291,5.885585308074951],
[-291,5.895760536193848],
[-291,5.906112909317017],
[-291,5.915627956390381],
[-291,5.925702095031738],
[-291,5.935667991638184],
[-291,5.945676803588867],
[-291,5.9557178020477295],
[-291,5.965656757354736],
[-291,5.975576400756836],
[-291,5.985739469528198],
[-291,5.995689630508423],
[-291,6.0058887004852295],
[-291,6.015944719314575],
[-291,6.025590419769287],
[-291,6.035593509674072],
[-291,6.045582056045532],
[-291,6.0555877685546875],
[-291,6.0654966831207275],
[-291,6.075598955154419],
[-291,6.0856969356536865],
[-291,6.0956408977508545],
[-291,6.105616092681885],
[-291,6.115936517715454],
[-291,6.12547492980957],
[-291,6.135477304458618],
[-291,6.145569801330566],
[-291,6.155468702316284],
[-291,6.165154457092285],
[-291,6.1755900382995605],
[-291,6.185725927352905],
[-291,6.195497512817383],
[-291,6.205602169036865],
[-291,6.215579986572266],
[-291,6.225661754608154],
[-291,6.2356250286102295],
[-291,6.245441436767578],
[-291,6.255459785461426],
[-291,6.265553951263428],
[-291,6.275593042373657],
[-291,6.285539627075195],
[-291,6.295613765716553],
[-291,6.30597996711731],
[-291,6.3155598640441895],
[-291,6.325575113296509],
[-291,6.335554838180542],
[-291,6.345617771148682],
[-291,6.355619192123413],
[-291,6.365598201751709],
[-291,6.375485897064209],
[-291,6.385627031326294],
[-291,6.395563125610352],
[-291,6.405469655990601],
[-291,6.415683746337891],
[-291,6.425483226776123],
[-291,6.435770273208618],
[-291,6.445507526397705],
[-291,6.45564341545105],
[-291,6.465571403503418],
[-291,6.475437879562378],
[-291,6.485536336898804],
[-291,6.495635747909546],
[-291,6.505542993545532],
[-291,6.515740633010864],
[-291,6.52570915222168],
[-291,6.53564715385437],
[-291,6.545615196228027],
[-291,6.555575370788574],
[-291,6.565542459487915],
[-291,6.575592041015625],
[-291,6.585525274276733],
[-291,6.59551739692688],
[-291,6.605617046356201],
[-291,6.615523338317871],
[-291,6.625429153442383],
[-291,6.635658502578735],
[-291,6.645538330078125],
[-291,6.6554646492004395],
[-291,6.665628433227539],
[-291,6.675520420074463],
[-291,6.685430526733398],
[-291,6.695478439331055],
[-291,6.705347537994385],
[-291,6.715573310852051],
[-291,6.725700855255127],
[-291,6.735560178756714],
[-291,6.745794296264648],
[-291,6.755505561828613],
[-291,6.765490531921387],
[-291,6.775678396224976],
[-291,6.785531282424927],
[-291,6.79559326171875],
[-291,6.805305004119873],
[-291,6.815511465072632],
[-291,6.825616121292114],
[-291,6.8356404304504395],
[-291,6.845566511154175],
[-291,6.855628967285156],
[-291,6.8654515743255615],
[-291,6.875651121139526],
[-291,6.885595321655273],
[-291,6.895560026168823],
[-291,6.905494689941406],
[-291,6.915748596191406],
[-291,6.925567388534546],
[-291,6.935504674911499],
[-291,6.945547342300415],
[-291,6.9555747509002686],
[-291,6.965652942657471],
[-291,6.975668430328369],
[-291,6.985453844070435],
[-291,6.9955735206604],
[-291,7.0056726932525635],
[-291,7.015583038330078],
[-291,7.0255067348480225],
[-291,7.035487174987793],
[-291,7.045573949813843],
[-291,7.055614233016968],
[-291,7.065646171569824],
[-291,7.07559609413147],
[-291,7.085615396499634],
[-291,7.095528602600098],
[-291,7.105670213699341],
[-291,7.115624904632568],
[-291,7.1254754066467285],
[-291,7.1355507373809814],
[-291,7.146012783050537],
[-291,7.15562629699707],
[-291,7.165896415710449],
[-291,7.1756272315979],
[-291,7.185523509979248],
[-291,7.195568799972534],
[-291,7.206014156341553],
[-291,7.215646028518677],
[-291,7.225684404373169],
[-291,7.235595226287842],
[-291,7.245500326156616],
[-291,7.255583763122559],
[-291,7.265737771987915],
[-291,7.275581121444702],
[-291,7.285619020462036],
[-291,7.295583486557007],
[-291,7.305474758148193],
[-291,7.315655708312988],
[-291,7.325798034667969],
[-291,7.335796117782593],
[-291,7.345633506774902],
[-291,7.355460166931152],
[-291,7.365806341171265],
[-291,7.375703811645508],
[-291,7.385878086090088],
[-291,7.395891189575195],
[-291,7.405913591384888],
[-291,7.415532112121582],
[-291,7.425684452056885],
[-291,7.435805797576904],
[-291,7.445178270339966],
[-291,7.455755710601807],
[-291,7.465644836425781],
[-291,7.475764513015747],
[-291,7.48572039604187],
[-291,7.495705604553223],
[-291,7.505751132965088],
[-291,7.515627384185791],
[-291,7.52557373046875],
[-291,7.535712003707886],
[-291,7.5455708503723145],
[-291,7.555570840835571],
[-291,7.565712928771973],
[-291,7.575550317764282],
[-291,7.585564613342285],
[-291,7.59541130065918],
[-291,7.60554838180542],
[-291,7.6155359745025635],
[-291,7.625401020050049],
[-291,7.635256052017212],
[-291,7.6454620361328125],
[-291,7.655287027359009],
[-291,7.665675640106201],
[-291,7.675411224365234],
[-291,7.685316562652588],
[-291,7.695454835891724],
[-291,7.705348253250122],
[-291,7.7153160572052],
[-291,7.725399494171143],
[-291,7.735612869262695],
[-291,7.7456254959106445],
[-291,7.7558372020721436],
[-291,7.765560865402222],
[-291,7.77568507194519],
[-291,7.785828351974487],
[-291,7.795774459838867],
[-291,7.805750370025635],
[-291,7.815514087677002],
[-291,7.825787544250488],
[-291,7.835710048675537],
[-291,7.845653057098389],
[-291,7.855635404586792],
[-291,7.865694761276245],
[-291,7.875656366348267],
[-291,7.885744333267212],
[-291,7.8956475257873535],
[-291,7.905848979949951],
[-291,7.915726661682129],
[-291,7.9255690574646],
[-291,7.935709238052368],
[-291,7.946141958236694],
[-291,7.955691814422607],
[-291,7.965898513793945],
[-291,7.975702524185181],
[-291,7.985603332519531],
[-291,7.995577573776245],
[-291,8.005901336669922],
[-291,8.016103744506836],
[-291,8.025724411010742],
[-291,8.035609483718872],
[-291,8.045719623565674],
[-291,8.055542230606079],
[-291,8.065808534622192],
[-291,8.07564401626587],
[-291,8.085062742233276],
[-291,8.095621824264526],
[-291,8.10564637184143],
[-291,8.115618705749512],
[-291,8.125631093978882],
[-291,8.135461330413818],
[-291,8.14573335647583],
[-291,8.155553102493286],
[-291,8.165598630905151],
[-291,8.175730466842651],
[-291,8.185653686523438],
[-291,8.195844888687134],
[-291,8.205652952194214],
[-291,8.215669870376587],
[-291,8.225739240646362],
[-291,8.235512018203735],
[-291,8.245544672012329],
[-291,8.255565881729126],
[-291,8.265492916107178],
[-291,8.275530815124512],
[-291,8.28550672531128],
[-291,8.29547119140625],
[-291,8.30542254447937],
[-291,8.315848112106323],
[-291,8.325550556182861],
[-291,8.335379600524902],
[-291,8.345462322235107],
[-291,8.35557222366333],
[-291,8.365377187728882],
[-291,8.375499725341797],
[-291,8.385965585708618],
[-291,8.395609140396118],
[-291,8.405587434768677],
[-291,8.415526390075684],
[-291,8.425334215164185],
[-291,8.435530424118042],
[-291,8.445374488830566],
[-291,8.45552110671997],
[-291,8.465348958969116],
[-291,8.475372076034546],
[-291,8.485604047775269],
[-291,8.495496273040771],
[-291,8.505475759506226],
[-291,8.515447616577148],
[-291,8.525443077087402],
[-291,8.535444259643555],
[-291,8.545464992523193],
[-291,8.555558443069458],
[-291,8.565523862838745],
[-291,8.575472116470337],
[-291,8.58541202545166],
[-291,8.59548544883728],
[-291,8.60536527633667],
[-291,8.615535259246826],
[-291,8.625836610794067],
[-291,8.6354341506958],
[-291,8.645484209060669],
[-291,8.655277490615845],
[-291,8.665498971939087],
[-291,8.675695657730103],
[-291,8.685652256011963],
[-291,8.695498704910278],
[-291,8.705479860305786],
[-291,8.715497493743896],
[-291,8.725135087966919],
[-291,8.735487461090088],
[-291,8.745479583740234],
[-291,8.755352258682251],
[-291,8.765642166137695],
[-291,8.775346755981445],
[-291,8.785443782806396],
[-291,8.795981645584106],
[-291,8.805459022521973],
[-291,8.815617084503174],
[-291,8.82541537284851],
[-291,8.835592269897461],
[-291,8.845510959625244],
[-291,8.855427742004395],
[-291,8.865659952163696],
[-291,8.875534534454346],
[-291,8.885409355163574],
[-291,8.895427227020264],
[-291,8.905619382858276],
[-291,8.915526866912842],
[-291,8.925424814224243],
[-291,8.935472965240479],
[-291,8.945511102676392],
[-291,8.955467462539673],
[-291,8.965787172317505],
[-291,8.975698709487915],
[-291,8.985656976699829],
[-291,8.995506286621094],
[-291,9.00548267364502],
[-291,9.015427827835083],
[-291,9.025612831115723],
[-291,9.035493612289429],
[-291,9.045409440994263],
[-291,9.055613994598389],
[-291,9.065377712249756],
[-291,9.075548648834229],
[-291,9.08559513092041],
[-291,9.095450401306152],
[-291,9.10570216178894],
[-291,9.115604162216187],
[-291,9.125584125518799],
[-291,9.13556432723999],
[-291,9.145437717437744],
[-291,9.155581951141357],
[-291,9.165563583374023],
[-291,9.175420045852661],
[-291,9.185554265975952],
[-291,9.195627927780151],
[-291,9.205557346343994],
[-291,9.215569972991943],
[-291,9.225661754608154],
[-291,9.235503911972046],
[-291,9.245571851730347],
[-291,9.25564694404602],
[-291,9.265525579452515],
[-291,9.275621891021729],
[-291,9.285583257675171],
[-291,9.295486211776733],
[-291,9.305745124816895],
[-291,9.315959215164185],
[-291,9.325568914413452],
[-291,9.335816621780396],
[-291,9.34559416770935],
[-291,9.355542182922363],
[-291,9.365360498428345],
[-291,9.375900745391846],
[-291,9.385639190673828],
[-291,9.395609378814697],
[-291,9.405449390411377],
[-291,9.41573715209961],
[-291,9.425584554672241],
[-291,9.43555760383606],
[-291,9.445556879043579],
[-291,9.455739736557007],
[-291,9.465622425079346],
[-291,9.475493907928467],
[-291,9.48550271987915],
[-291,9.495575904846191],
[-291,9.50549840927124],
[-291,9.515666961669922],
[-291,9.525583267211914],
[-291,9.53564739227295],
[-291,9.54549527168274],
[-291,9.555627584457397],
[-291,9.565619707107544],
[-291,9.575507402420044],
[-291,9.585602283477783],
[-291,9.596003293991089],
[-291,9.605583429336548],
[-291,9.615644454956055],
[-291,9.62545919418335],
[-291,9.635714054107666],
[-291,9.645488977432251],
[-291,9.6555655002594],
[-291,9.665580034255981],
[-291,9.675476312637329],
[-291,9.68561863899231],
[-291,9.69560432434082],
[-291,9.705825090408325],
[-291,9.71560788154602],
[-291,9.72559666633606],
[-291,9.735832214355469],
[-291,9.745925664901733],
[-291,9.75559401512146],
[-291,9.765754461288452],
[-291,9.775723934173584],
[-291,9.78565788269043],
[-291,9.79576301574707],
[-291,9.805736541748047],
[-291,9.815884113311768],
[-291,9.825788021087646],
[-291,9.83612871170044],
[-291,9.845901012420654],
[-291,9.855631589889526],
[-291,9.865655899047852],
[-291,9.875641584396362],
[-291,9.885536193847656],
[-291,9.896096229553223],
[-291,9.905933856964111],
[-291,9.915619134902954],
[-291,9.925690650939941],
[-291,9.935578346252441],
[-291,9.945503950119019],
[-291,9.955609798431396],
[-291,9.965531349182129],
[-291,9.975398302078247],
[-291,9.985607862472534],
[-291,9.995535135269165],
[-291,10.004892110824585],
[-291,10.015614986419678],
[-291,10.025895118713379],
[-291,10.035439729690552],
[-291,10.045491933822632],
[-291,10.055359125137329],
[-291,10.065537452697754],
[-291,10.075582504272461],
[-291,10.08565092086792],
[-291,10.0957932472229],
[-291,10.105561017990112],
[-291,10.115543365478516],
[-291,10.125593185424805],
[-291,10.13549256324768],
[-291,10.145573616027832],
[-291,10.155864715576172],
[-291,10.165538311004639],
[-291,10.175598382949829],
[-291,10.185855388641357],
[-291,10.195504426956177],
[-291,10.20551347732544],
[-291,10.215874910354614],
[-291,10.225454568862915],
[-291,10.235640287399292],
[-291,10.245643377304077],
[-291,10.255460262298584],
[-291,10.265637636184692],
[-291,10.275669813156128],
[-291,10.285519361495972],
[-291,10.295768976211548],
[-291,10.305588006973267],
[-291,10.315543413162231],
[-291,10.32577919960022],
[-291,10.335846185684204],
[-291,10.345664739608765],
[-291,10.355586767196655],
[-291,10.365843772888184],
[-291,10.375579595565796],
[-291,10.385387897491455],
[-291,10.395457744598389],
[-291,10.405482769012451],
[-291,10.41551947593689],
[-291,10.42576003074646],
[-291,10.435469388961792],
[-291,10.445367097854614],
[-291,10.455504417419434],
[-291,10.465825080871582],
[-291,10.475417137145996],
[-291,10.485609292984009],
[-291,10.495425701141357],
[-291,10.505569696426392],
[-291,10.51561951637268],
[-291,10.525599956512451],
[-291,10.535636186599731],
[-291,10.545400619506836],
[-291,10.555678129196167],
[-291,10.565528154373169],
[-291,10.57547926902771],
[-291,10.585615396499634],
[-291,10.595544576644897],
[-291,10.605644702911377],
[-291,10.615700960159302],
[-291,10.625673294067383],
[-291,10.635658264160156],
[-291,10.64532732963562],
[-291,10.655611038208008],
[-291,10.66571593284607],
[-291,10.675628662109375],
[-291,10.685503482818604],
[-291,10.69556713104248],
[-291,10.705757141113281],
[-291,10.715726852416992],
[-291,10.725886106491089],
[-291,10.735921621322632],
[-291,10.745998620986938],
[-291,10.7556471824646],
[-291,10.765695810317993],
[-291,10.775721073150635],
[-291,10.78570818901062],
[-291,10.796044826507568],
[-291,10.80593204498291],
[-291,10.815574169158936],
[-291,10.825825452804565],
[-291,10.83569860458374],
[-291,10.845691680908203],
[-291,10.85558533668518],
[-291,10.865531921386719],
[-291,10.875407218933105],
[-291,10.885538816452026],
[-291,10.895534753799438],
[-291,10.905395984649658],
[-291,10.915777206420898],
[-291,10.926067352294922],
[-291,10.935779333114624],
[-291,10.945802211761475],
[-291,10.955692529678345],
[-291,10.96566653251648],
[-291,10.97558045387268],
[-291,10.985448122024536],
[-291,10.99560546875],
[-291,11.005500316619873],
[-291,11.01584768295288],
[-291,11.025973081588745],
[-291,11.035847663879395],
[-291,11.045787572860718],
[-291,11.055951118469238],
[-291,11.065548181533813],
[-291,11.075613737106323],
[-291,11.085577487945557],
[-291,11.095487117767334],
[-291,11.105591297149658],
[-291,11.11561107635498],
[-291,11.125641584396362],
[-291,11.135685920715332],
[-291,11.145725011825562],
[-291,11.155536651611328],
[-291,11.165565252304077],
[-291,11.175571203231812],
[-291,11.185500860214233],
[-291,11.195662260055542],
[-291,11.205908060073853],
[-291,11.215601205825806],
[-291,11.225659847259521],
[-291,11.23591947555542],
[-291,11.24561071395874],
[-291,11.2554931640625],
[-291,11.26555347442627],
[-291,11.275422096252441],
[-291,11.28496241569519],
[-291,11.295527219772339],
[-291,11.305429697036743],
[-291,11.315717220306396],
[-291,11.325936794281006],
[-291,11.335603952407837],
[-291,11.345839977264404],
[-291,11.355693101882935],
[-291,11.36550521850586],
[-291,11.375535011291504],
[-291,11.385684251785278],
[-291,11.395669221878052],
[-291,11.405678510665894],
[-291,11.416076183319092],
[-291,11.4260733127594],
[-291,11.435750007629395],
[-291,11.445996522903442],
[-291,11.455718517303467],
[-291,11.46561598777771],
[-291,11.475699186325073],
[-291,11.485576152801514],
[-291,11.495850801467896],
[-291,11.505668878555298],
[-291,11.51581621170044],
[-291,11.525865077972412],
[-291,11.535797357559204],
[-291,11.545822620391846],
[-291,11.555785179138184],
[-291,11.565691947937012],
[-291,11.575731992721558],
[-291,11.585699081420898],
[-291,11.595637321472168],
[-291,11.60574984550476],
[-291,11.61575984954834],
[-291,11.625612258911133],
[-291,11.635689496994019],
[-291,11.64567255973816],
[-291,11.655712842941284],
[-291,11.66565489768982],
[-291,11.67559289932251],
[-291,11.685794353485107],
[-291,11.695710897445679],
[-291,11.705810785293579],
[-291,11.7158043384552],
[-291,11.72580862045288],
[-291,11.73569917678833],
[-291,11.745818853378296],
[-291,11.755676507949829],
[-291,11.765591621398926],
[-291,11.775745391845703],
[-291,11.78567624092102],
[-291,11.795732259750366],
[-291,11.80579400062561],
[-291,11.815574884414673],
[-291,11.825561046600342],
[-291,11.83588695526123],
[-291,11.845557689666748],
[-291,11.855583429336548],
[-291,11.86556100845337],
[-291,11.875579357147217],
[-291,11.885586261749268],
[-291,11.895606756210327],
[-291,11.905647039413452],
[-291,11.91562819480896],
[-291,11.924989223480225],
[-291,11.935665369033813],
[-291,11.9456205368042],
[-291,11.955474615097046],
[-291,11.965677976608276],
[-291,11.9755859375],
[-291,11.985580205917358],
[-291,11.995632886886597],
[-291,12.005617141723633],
[-291,12.01553988456726],
[-291,12.025495529174805],
[-291,12.035593748092651],
[-291,12.045673370361328],
[-291,12.055504560470581],
[-291,12.065633058547974],
[-291,12.075614929199219],
[-291,12.085784912109375],
[-291,12.095525979995728],
[-291,12.106031656265259],
[-291,12.115719079971313],
[-291,12.125714540481567],
[-291,12.135638952255249],
[-291,12.14573359489441],
[-291,12.155680656433105],
[-291,12.165788173675537],
[-291,12.1755952835083],
[-291,12.18583059310913],
[-291,12.195757865905762],
[-291,12.20559310913086],
[-291,12.215806245803833],
[-291,12.225748062133789],
[-291,12.235654830932617],
[-291,12.245722532272339],
[-291,12.255746364593506],
[-291,12.265652418136597],
[-291,12.275729656219482],
[-291,12.28579831123352],
[-291,12.295716762542725],
[-291,12.305784940719604],
[-291,12.315751791000366],
[-291,12.325596332550049],
[-291,12.335649967193604],
[-291,12.345698833465576],
[-291,12.355740785598755],
[-291,12.365687131881714],
[-291,12.375746011734009],
[-291,12.385892868041992],
[-291,12.39588713645935],
[-291,12.405625820159912],
[-291,12.415570259094238],
[-291,12.425415754318237],
[-291,12.43557357788086],
[-291,12.445544481277466],
[-291,12.455461025238037],
[-291,12.465689897537231],
[-291,12.475484609603882],
[-291,12.485424995422363],
[-291,12.4955735206604],
[-291,12.50532579421997],
[-291,12.515583276748657],
[-291,12.525467872619629],
[-291,12.53533387184143],
[-291,12.545531988143921],
[-291,12.555555582046509],
[-291,12.564834356307983],
[-291,12.57558274269104],
[-291,12.585540533065796],
[-291,12.595338344573975],
[-291,12.60547685623169],
[-291,12.615530967712402],
[-291,12.625472784042358],
[-291,12.635524272918701],
[-291,12.645329713821411],
[-291,12.655514478683472],
[-291,12.665347337722778],
[-291,12.67557692527771],
[-291,12.685648918151855],
[-291,12.69553279876709],
[-291,12.705480098724365],
[-291,12.715528011322021],
[-291,12.72593641281128],
[-291,12.735650539398193],
[-291,12.745756387710571],
[-291,12.755784034729004],
[-291,12.765742301940918],
[-291,12.775856733322144],
[-291,12.785934686660767],
[-291,12.795888662338257],
[-291,12.805789232254028],
[-291,12.815665245056152],
[-291,12.825620889663696],
[-291,12.835792541503906],
[-291,12.845703363418579],
[-291,12.855765342712402],
[-291,12.865664958953857],
[-291,12.875761270523071],
[-291,12.885698080062866],
[-291,12.895562648773193],
[-291,12.905694961547852],
[-291,12.915687799453735],
[-291,12.925715208053589],
[-291,12.935706377029419],
[-291,12.945695638656616],
[-291,12.955740928649902],
[-291,12.965641021728516],
[-291,12.975702285766602],
[-291,12.985564947128296],
[-291,12.995635509490967],
[-291,13.00582242012024],
[-291,13.015617609024048],
[-291,13.02563762664795],
[-291,13.035569667816162],
[-291,13.045829772949219],
[-291,13.055708408355713],
[-291,13.06551480293274],
[-291,13.07586121559143],
[-291,13.085851192474365],
[-291,13.095642805099487],
[-291,13.105809450149536],
[-291,13.115681648254395],
[-291,13.125777959823608],
[-291,13.135848999023438],
[-291,13.14554214477539],
[-291,13.155686855316162],
[-291,13.165674686431885],
[-291,13.175727844238281],
[-291,13.185736656188965],
[-291,13.195700883865356],
[-291,13.205082893371582],
[-291,13.215694904327393],
[-291,13.225645065307617],
[-291,13.235531091690063],
[-291,13.245596408843994],
[-291,13.255506992340088],
[-291,13.265798330307007],
[-291,13.275426387786865],
[-291,13.285492658615112],
[-291,13.295323371887207],
[-291,13.3056001663208],
[-291,13.315644025802612],
[-291,13.32541275024414],
[-291,13.335446834564209],
[-291,13.345418930053711],
[-291,13.355372190475464],
[-291,13.365407705307007],
[-291,13.375462293624878],
[-291,13.38539433479309],
[-291,13.39543080329895],
[-291,13.4052894115448],
[-291,13.415609121322632],
[-291,13.425432920455933],
[-291,13.435266971588135],
[-291,13.446010112762451],
[-291,13.455622434616089],
[-291,13.465711116790771],
[-291,13.475782632827759],
[-291,13.485642433166504],
[-291,13.495656251907349],
[-291,13.505622863769531],
[-291,13.515864610671997],
[-291,13.52572751045227],
[-291,13.535667181015015],
[-291,13.545590162277222],
[-291,13.555692195892334],
[-291,13.565615177154541],
[-291,13.575643062591553],
[-291,13.585875749588013],
[-291,13.595816135406494],
[-291,13.605605125427246],
[-291,13.615684509277344],
[-291,13.625873804092407],
[-291,13.635606288909912],
[-291,13.645675897598267],
[-291,13.655781030654907],
[-291,13.665670394897461],
[-291,13.67573595046997],
[-291,13.685734510421753],
[-291,13.695673704147339],
[-291,13.705752849578857],
[-291,13.715624332427979],
[-291,13.72550630569458],
[-291,13.735825777053833],
[-291,13.745598554611206],
[-291,13.755797624588013],
[-291,13.765880346298218],
[-291,13.775679588317871],
[-291,13.78563404083252],
[-291,13.795778274536133],
[-291,13.805628299713135],
[-291,13.816054344177246],
[-291,13.825891256332397],
[-291,13.835528135299683],
[-291,13.84527850151062],
[-291,13.855550289154053],
[-291,13.865649938583374],
[-291,13.875500202178955],
[-291,13.88552713394165],
[-291,13.895630836486816],
[-291,13.90563702583313],
[-291,13.915512800216675],
[-291,13.92561411857605],
[-291,13.935728311538696],
[-291,13.945472240447998],
[-291,13.95566725730896],
[-291,13.965527296066284],
[-291,13.97569990158081],
[-291,13.985458612442017],
[-291,13.99561595916748],
[-291,14.005568265914917],
[-291,14.015583515167236],
[-291,14.025569677352905],
[-291,14.035512685775757],
[-291,14.045571327209473],
[-291,14.05556035041809],
[-291,14.065478563308716],
[-291,14.075598239898682],
[-291,14.085547685623169],
[-291,14.095502614974976],
[-291,14.105557203292847],
[-291,14.11558222770691],
[-291,14.125603914260864],
[-291,14.13562798500061],
[-291,14.145567417144775],
[-291,14.155470848083496],
[-291,14.165513277053833],
[-291,14.175602912902832],
[-291,14.185653448104858],
[-291,14.19545578956604],
[-291,14.205641031265259],
[-291,14.215631008148193],
[-291,14.225552082061768],
[-291,14.235575914382935],
[-291,14.24556827545166],
[-291,14.255517482757568],
[-291,14.265575885772705],
[-291,14.27560544013977],
[-291,14.285555601119995],
[-291,14.295578956604004],
[-291,14.305542469024658],
[-291,14.315555572509766],
[-291,14.325578689575195],
[-291,14.335427284240723],
[-291,14.345715522766113],
[-291,14.355586528778076],
[-291,14.365503549575806],
[-291,14.375669956207275],
[-291,14.385534286499023],
[-291,14.395614385604858],
[-291,14.4055016040802],
[-291,14.415704250335693],
[-291,14.425451755523682],
[-291,14.435557126998901],
[-291,14.445689678192139],
[-291,14.455562829971313],
[-291,14.465763807296753],
[-291,14.475764513015747],
[-291,14.485220432281494],
[-291,14.495800495147705],
[-291,14.505676984786987],
[-291,14.515941619873047],
[-291,14.52575421333313],
[-291,14.53549337387085],
[-291,14.545567750930786],
[-291,14.555700778961182],
[-291,14.565631628036499],
[-291,14.575931310653687],
[-291,14.586013793945312],
[-291,14.595689058303833],
[-291,14.605883121490479],
[-291,14.615969181060791],
[-291,14.625602960586548],
[-291,14.635734558105469],
[-291,14.645958423614502],
[-291,14.655647277832031],
[-291,14.665875434875488],
[-291,14.675932884216309],
[-291,14.685631513595581],
[-291,14.695838451385498],
[-291,14.705531120300293],
[-291,14.715553760528564],
[-291,14.725572109222412],
[-291,14.735990524291992],
[-291,14.745630979537964],
[-291,14.755923509597778],
[-291,14.765965938568115],
[-291,14.7756507396698],
[-291,14.785558462142944],
[-291,14.795641660690308],
[-291,14.8056321144104],
[-291,14.815574645996094],
[-291,14.82591962814331],
[-291,14.835717916488647],
[-291,14.845698833465576],
[-291,14.855806350708008],
[-291,14.865604639053345],
[-291,14.875890016555786],
[-291,14.885486841201782],
[-291,14.89582371711731],
[-291,14.90588903427124],
[-291,14.915698528289795],
[-291,14.926000118255615],
[-291,14.935872793197632],
[-291,14.945492267608643],
[-291,14.955824851989746],
[-291,14.965611696243286],
[-291,14.975504636764526],
[-291,14.985620498657227],
[-291,14.995570182800293],
[-291,15.005622863769531],
[-291,15.015699625015259],
[-291,15.025752305984497],
[-291,15.035902976989746],
[-291,15.045711040496826],
[-291,15.055617809295654],
[-291,15.065785884857178],
[-291,15.075754165649414],
[-291,15.085623264312744],
[-291,15.095565795898438],
[-291,15.105652332305908],
[-291,15.115800619125366],
[-291,15.125211238861084],
[-291,15.135798215866089],
[-291,15.146128177642822],
[-291,15.155843019485474],
[-291,15.165911436080933],
[-291,15.175736427307129],
[-291,15.185669422149658],
[-291,15.196063756942749],
[-291,15.205839157104492],
[-291,15.21584939956665],
[-291,15.226161241531372],
[-291,15.236263990402222],
[-291,15.24565863609314],
[-291,15.255707025527954],
[-291,15.26593565940857],
[-291,15.275586128234863],
[-291,15.285608053207397],
[-291,15.295547246932983],
[-291,15.305481672286987],
[-291,15.315694093704224],
[-291,15.325937747955322],
[-291,15.335646867752075],
[-291,15.345863580703735],
[-291,15.355950593948364],
[-291,15.365637302398682],
[-291,15.375700950622559],
[-291,15.38595175743103],
[-291,15.395658016204834],
[-291,15.405688524246216],
[-291,15.415965557098389],
[-291,15.426048517227173],
[-291,15.435869693756104],
[-291,15.445585489273071],
[-291,15.45560598373413],
[-291,15.465590476989746],
[-291,15.475653886795044],
[-291,15.48544955253601],
[-291,15.49571418762207],
[-291,15.505804777145386],
[-291,15.51545262336731],
[-291,15.525674104690552],
[-291,15.535557985305786],
[-291,15.545578241348267],
[-291,15.55574917793274],
[-291,15.565476179122925],
[-291,15.575589895248413],
[-291,15.585569620132446],
[-291,15.595547676086426],
[-291,15.605539798736572],
[-291,15.615553140640259],
[-291,15.62557077407837],
[-291,15.635551452636719],
[-291,15.645612955093384],
[-291,15.655613422393799],
[-291,15.665574073791504],
[-291,15.675528287887573],
[-291,15.685497045516968],
[-291,15.695594310760498],
[-291,15.705541372299194],
[-291,15.715516328811646],
[-291,15.725579023361206],
[-291,15.735663652420044],
[-291,15.745535850524902],
[-291,15.75563907623291],
[-291,15.765055894851685],
[-291,15.775551795959473],
[-291,15.78554105758667],
[-291,15.79555368423462],
[-291,15.80556035041809],
[-291,15.815551042556763],
[-291,15.825533390045166],
[-291,15.835465431213379],
[-291,15.845553398132324],
[-291,15.855613470077515],
[-291,15.86551833152771],
[-291,15.875589847564697],
[-291,15.885748386383057],
[-291,15.895738124847412],
[-291,15.905617952346802],
[-291,15.915426254272461],
[-291,15.925584077835083],
[-291,15.935482740402222],
[-291,15.945543766021729],
[-291,15.955493927001953],
[-291,15.965576887130737],
[-291,15.975592136383057],
[-291,15.985782861709595],
[-291,15.995674133300781],
[-291,16.005726099014282],
[-291,16.015549182891846],
[-291,16.025650024414062],
[-291,16.035443782806396],
[-291,16.04572296142578],
[-291,16.055686473846436],
[-291,16.06557321548462],
[-291,16.075666904449463],
[-291,16.08553957939148],
[-291,16.09557271003723],
[-291,16.105560302734375],
[-291,16.11554980278015],
[-291,16.12555980682373],
[-291,16.135514736175537],
[-291,16.145485639572144],
[-291,16.1556179523468],
[-291,16.165525197982788],
[-291,16.17546772956848],
[-291,16.18554139137268],
[-291,16.19554376602173],
[-291,16.205419063568115],
[-291,16.21565842628479],
[-291,16.2255277633667],
[-291,16.23548650741577],
[-291,16.24553918838501],
[-291,16.255520343780518],
[-291,16.265637636184692],
