[-2,0.11094927787780762],
[-2,0.12091326713562012],
[-2,0.1307086944580078],
[-2,0.14093637466430664],
[-2,0.15042924880981445],
[-2,0.1603987216949463],
[-2,0.17030549049377441],
[-2,0.1803426742553711],
[-2,0.19069528579711914],
[-2,0.20052480697631836],
[-2,0.2106151580810547],
[-2,0.22062349319458008],
[-2,0.2299659252166748],
[-2,0.24025440216064453],
[-2,0.25041937828063965],
[-2,0.26018452644348145],
[-2,0.2703852653503418],
[-2,0.2801554203033447],
[-2,0.29012036323547363],
[-2,0.3003995418548584],
[-2,0.31016016006469727],
[-2,0.32033419609069824],
[-2,0.33029913902282715],
[-2,0.34033989906311035],
[-2,0.3506619930267334],
[-2,0.36011600494384766],
[-2,0.37035560607910156],
[-2,0.3802649974822998],
[-2,0.3901214599609375],
[-2,0.40056800842285156],
[-2,0.41047120094299316],
[-2,0.42023706436157227],
[-2,0.4301941394805908],
[-2,0.44034910202026367],
[-2,0.45052576065063477],
[-2,0.4601764678955078],
[-2,0.4702935218811035],
[-2,0.48034143447875977],
[-2,0.49021196365356445],
[-2,0.5002868175506592],
[-2,0.5101902484893799],
[-2,0.5202300548553467],
[-2,0.530308723449707],
[-2,0.5403425693511963],
[-2,0.5502486228942871],
[-2,0.5603072643280029],
[-2,0.5702931880950928],
[-2,0.5802161693572998],
[-2,0.5902934074401855],
[-2,0.6002993583679199],
[-2,0.6101982593536377],
[-2,0.620349645614624],
[-1,0.6303198337554932],
[-1,0.6402251720428467],
[-1,0.6503691673278809],
[-1,0.6603331565856934],
[0,0.6703484058380127],
[0,0.680304765701294],
[0,0.6903648376464844],
[0,0.7002341747283936],
[0,0.7103016376495361],
[0,0.720327615737915],
[0,0.7302641868591309],
[0,0.7401702404022217],
[0,0.7503161430358887],
[0,0.7601950168609619],
[0,0.77018141746521],
[0,0.7802996635437012],
[0,0.7903733253479004],
[0,0.8002417087554932],
[0,0.8103001117706299],
[0,0.8201749324798584],
[0,0.8302075862884521],
[0,0.8403196334838867],
[0,0.8503589630126953],
[0,0.8601646423339844],
[0,0.8698477745056152],
[0,0.880305290222168],
[0,0.8902628421783447],
[0,0.9003219604492188],
[0,0.9103238582611084],
[0,0.9202158451080322],
[0,0.930365800857544],
[0,0.9403097629547119],
[0,0.9504010677337646],
[0,0.9603044986724854],
[0,0.9702901840209961],
[0,0.9802865982055664],
[0,0.990272045135498],
[0,1.0002753734588623],
[0,1.0103418827056885],
[0,1.020336389541626],
[0,1.0303030014038086],
[0,1.0403141975402832],
[0,1.0503571033477783],
[0,1.0602734088897705],
[0,1.07041597366333],
[0,1.0801820755004883],
[0,1.0902628898620605],
[0,1.1001646518707275],
[0,1.1103105545043945],
[0,1.1202459335327148],
[0,1.1302423477172852],
[0,1.1405487060546875],
[0,1.1503918170928955],
[0,1.160388708114624],
[0,1.1704444885253906],
[0,1.1803078651428223],
[0,1.1902921199798584],
[0,1.2003414630889893],
[0,1.2103545665740967],
[0,1.2203428745269775],
[0,1.2302813529968262],
[0,1.2403175830841064],
[0,1.2502806186676025],
[0,1.2603209018707275],
[0,1.2703313827514648],
[0,1.2803051471710205],
[0,1.290447473526001],
[0,1.3003904819488525],
[0,1.3103580474853516],
[0,1.3204433917999268],
[0,1.3303747177124023],
[0,1.340336799621582],
[0,1.3504610061645508],
[0,1.3603196144104004],
[0,1.3703131675720215],
[0,1.3804311752319336],
[0,1.3903729915618896],
[0,1.400285243988037],
[0,1.4103248119354248],
[0,1.420426368713379],
[0,1.4303033351898193],
[0,1.4404010772705078],
[0,1.4505128860473633],
[0,1.4602489471435547],
[0,1.4703733921051025],
[0,1.480273962020874],
[0,1.4903569221496582],
[0,1.5003423690795898],
[0,1.5098280906677246],
[0,1.5204412937164307],
[0,1.530371904373169],
[0,1.5403857231140137],
[0,1.5503723621368408],
[0,1.5603351593017578],
[0,1.5704541206359863],
[0,1.580366611480713],
[0,1.5903918743133545],
[0,1.6004724502563477],
[0,1.6104464530944824],
[0,1.6203937530517578],
[0,1.630469799041748],
[0,1.6404016017913818],
[0,1.6501901149749756],
[0,1.6602795124053955],
[0,1.6703832149505615],
[0,1.6806597709655762],
[0,1.6903929710388184],
[0,1.7004015445709229],
[0,1.7104136943817139],
[0,1.7202987670898438],
[0,1.7302546501159668],
[0,1.7402880191802979],
[0,1.7502281665802002],
[0,1.7603719234466553],
[0,1.7703311443328857],
[0,1.7802164554595947],
[0,1.7903754711151123],
[0,1.8003370761871338],
[0,1.8103768825531006],
[0,1.8202760219573975],
[0,1.8304181098937988],
[0,1.8404040336608887],
[0,1.8503942489624023],
[0,1.8604717254638672],
[0,1.8704490661621094],
[0,1.8802993297576904],
[0,1.8903417587280273],
[0,1.9004504680633545],
[0,1.9103622436523438],
[0,1.9204540252685547],
[0,1.9304327964782715],
[0,1.9403939247131348],
[0,1.9504871368408203],
[0,1.9605257511138916],
[0,1.9705703258514404],
[0,1.9802875518798828],
[0,1.990429401397705],
[0,2.000499725341797],
[0,2.010556697845459],
[0,2.020426034927368],
[0,2.030557632446289],
[0,2.040452003479004],
[0,2.050318717956543],
[0,2.0602004528045654],
[0,2.0703487396240234],
[0,2.0803439617156982],
[0,2.090325117111206],
[0,2.1002423763275146],
[0,2.110426902770996],
[0,2.120436906814575],
[0,2.130263090133667],
[0,2.1401419639587402],
[0,2.1500303745269775],
[0,2.160459280014038],
[0,2.170213460922241],
[0,2.1803672313690186],
[0,2.190364122390747],
[0,2.200392007827759],
[0,2.210378408432007],
[0,2.2202587127685547],
[0,2.230361223220825],
[0,2.2403600215911865],
[0,2.2504239082336426],
[0,2.260373115539551],
[0,2.2703564167022705],
[0,2.280225992202759],
[0,2.2903549671173096],
[0,2.3003804683685303],
[0,2.3105287551879883],
[0,2.320352077484131],
[0,2.3304126262664795],
[0,2.340270757675171],
[0,2.3503496646881104],
[0,2.360335350036621],
[0,2.3702216148376465],
[0,2.380368232727051],
[0,2.390345811843872],
[0,2.400332450866699],
[0,2.4104833602905273],
[0,2.4204883575439453],
[0,2.4303555488586426],
[0,2.44034743309021],
[0,2.4503095149993896],
[0,2.4603257179260254],
[0,2.4703621864318848],
[0,2.480224609375],
[0,2.4903504848480225],
[0,2.5003514289855957],
[1,2.5103654861450195],
[2,2.5203192234039307],
[4,2.530308961868286],
[7,2.540341377258301],
[9,2.550297260284424],
[12,2.5603256225585938],
[15,2.5703768730163574],
[18,2.5803017616271973],
[21,2.5903842449188232],
[24,2.6003785133361816],
[27,2.610321521759033],
[30,2.6204140186309814],
[33,2.630345344543457],
[35,2.640442371368408],
[38,2.650456190109253],
[41,2.6604039669036865],
[44,2.6703481674194336],
[47,2.6802213191986084],
[50,2.6903328895568848],
[53,2.7003328800201416],
[55,2.710315227508545],
[58,2.7203733921051025],
[61,2.730323314666748],
[64,2.7403790950775146],
[66,2.750447988510132],
[69,2.760364532470703],
[72,2.7703564167022705],
[75,2.780320405960083],
[77,2.7896623611450195],
[80,2.8003149032592773],
[83,2.81038498878479],
[86,2.820347785949707],
[88,2.8304595947265625],
[91,2.8403778076171875],
[94,2.850339889526367],
[96,2.8603293895721436],
[99,2.8704047203063965],
[102,2.8801679611206055],
[105,2.8904638290405273],
[107,2.9004149436950684],
[110,2.9103527069091797],
[112,2.920337677001953],
[114,2.9305593967437744],
[116,2.9403457641601562],
[118,2.9503467082977295],
[120,2.9602954387664795],
[121,2.970313310623169],
[122,2.980271816253662],
[123,2.9901368618011475],
[123,3.0002896785736084],
[124,3.0102853775024414],
[124,3.020315408706665],
[124,3.030090093612671],
[123,3.040292501449585],
[123,3.0505669116973877],
[123,3.060411214828491],
[122,3.070251226425171],
[122,3.0802485942840576],
[121,3.0901644229888916],
[121,3.100217342376709],
[121,3.1101887226104736],
[120,3.1202547550201416],
[120,3.1302309036254883],
[120,3.1401989459991455],
[119,3.150221109390259],
[119,3.160377264022827],
[119,3.170344352722168],
[119,3.1802196502685547],
[119,3.1903209686279297],
[118,3.2002997398376465],
[118,3.210501194000244],
[118,3.2202913761138916],
[117,3.230363607406616],
[117,3.2403221130371094],
[116,3.2503252029418945],
[115,3.2603273391723633],
[115,3.270561933517456],
[114,3.2804195880889893],
[113,3.2904229164123535],
[112,3.300225019454956],
[111,3.310370683670044],
[110,3.3203468322753906],
[109,3.330289363861084],
[108,3.3402910232543945],
[107,3.3503265380859375],
[106,3.360344171524048],
[105,3.370431423187256],
[104,3.3803296089172363],
[103,3.3903911113739014],
[102,3.400501251220703],
[101,3.4103126525878906],
[100,3.420393228530884],
[99,3.4297475814819336],
[98,3.4403090476989746],
[98,3.4506425857543945],
[97,3.460686206817627],
[97,3.4704935550689697],
[97,3.4804468154907227],
[97,3.490407705307007],
[97,3.500379800796509],
[97,3.510338068008423],
[97,3.5204625129699707],
[97,3.5303540229797363],
[97,3.5402846336364746],
[97,3.550380229949951],
[97,3.5602922439575195],
[97,3.570223093032837],
[97,3.5803937911987305],
[97,3.590144157409668],
[97,3.6002695560455322],
[97,3.6103384494781494],
[97,3.6204798221588135],
[97,3.630452871322632],
[97,3.6403534412384033],
[97,3.6504428386688232],
[98,3.6605770587921143],
[98,3.670628786087036],
[98,3.680483102798462],
[98,3.690258026123047],
[98,3.7004759311676025],
[99,3.7103586196899414],
[99,3.7203664779663086],
[99,3.73042893409729],
[99,3.7403178215026855],
[99,3.7502830028533936],
[99,3.7602803707122803],
[99,3.770406723022461],
[99,3.7803447246551514],
[99,3.7903542518615723],
[100,3.8002123832702637],
[100,3.810368299484253],
[100,3.820352792739868],
[100,3.8302602767944336],
[100,3.8403263092041016],
[100,3.8502933979034424],
[100,3.8603427410125732],
[100,3.870307207107544],
[100,3.8804104328155518],
[100,3.8902993202209473],
[100,3.900374412536621],
[100,3.910261869430542],
[100,3.9205737113952637],
[100,3.93013334274292],
[100,3.9403223991394043],
[100,3.950145959854126],
[100,3.960421085357666],
[100,3.9706051349639893],
[100,3.980374336242676],
[100,3.9902281761169434],
[100,4.000305652618408],
[100,4.010326147079468],
[100,4.020336151123047],
[100,4.030298471450806],
[100,4.040467977523804],
[100,4.050471305847168],
[100,4.060337543487549],
[100,4.069778680801392],
[100,4.080165386199951],
[100,4.090203523635864],
[100,4.100305795669556],
[100,4.110342741012573],
[100,4.120328903198242],
[100,4.130341529846191],
[100,4.140488386154175],
[100,4.15043306350708],
[100,4.160386323928833],
[100,4.170427322387695],
[100,4.1805031299591064],
[100,4.190371036529541],
[100,4.200474262237549],
[100,4.2104058265686035],
[100,4.220416784286499],
[100,4.230428218841553],
[100,4.240415096282959],
[100,4.250374794006348],
[100,4.260394811630249],
[100,4.270298004150391],
[100,4.280423879623413],
[100,4.290307521820068],
[100,4.300333738327026],
[100,4.310399293899536],
[100,4.320489168167114],
[100,4.330343961715698],
[100,4.340299844741821],
[100,4.350417852401733],
[100,4.360523223876953],
[100,4.370429754257202],
[100,4.380510330200195],
[100,4.39041543006897],
[100,4.400347709655762],
[100,4.410471439361572],
[100,4.420456647872925],
[100,4.430330038070679],
[100,4.440471172332764],
[100,4.450465202331543],
[100,4.460467100143433],
[100,4.470451831817627],
[100,4.480309009552002],
[100,4.490352153778076],
[100,4.500470399856567],
[100,4.510516166687012],
[100,4.5205512046813965],
[100,4.530424118041992],
[100,4.540377378463745],
[100,4.5503504276275635],
[100,4.5603928565979],
[100,4.570298671722412],
[100,4.580225467681885],
[100,4.590320348739624],
[100,4.600178956985474],
[100,4.61030912399292],
[100,4.620438575744629],
[100,4.630327463150024],
[100,4.640259742736816],
[100,4.650325536727905],
[100,4.660345554351807],
[100,4.670365571975708],
[100,4.680333375930786],
[100,4.690347194671631],
[100,4.700296401977539],
[100,4.709832191467285],
[100,4.720335245132446],
[100,4.73023533821106],
[100,4.740363597869873],
[100,4.750433683395386],
[100,4.760372877120972],
[100,4.770197629928589],
[100,4.780339002609253],
[100,4.790372133255005],
[100,4.800267219543457],
[100,4.810359239578247],
[100,4.820415258407593],
[100,4.830345392227173],
[100,4.840363264083862],
[100,4.850441217422485],
[100,4.860260248184204],
[100,4.870328187942505],
[100,4.880280017852783],
[100,4.890350103378296],
[100,4.900335788726807],
[100,4.910292863845825],
[100,4.920334339141846],
[100,4.930339574813843],
[100,4.940249681472778],
[100,4.950387477874756],
[100,4.960364103317261],
[100,4.9703755378723145],
[100,4.980432987213135],
[100,4.990251779556274],
[100,5.000414848327637],
[100,5.010542392730713],
[100,5.02050256729126],
[100,5.030349016189575],
[100,5.040491342544556],
[100,5.050390958786011],
[100,5.060278654098511],
[100,5.070369243621826],
[100,5.080307960510254],
[100,5.090266942977905],
[100,5.100364685058594],
[100,5.1102964878082275],
[100,5.120293855667114],
[100,5.130392789840698],
[100,5.1401307582855225],
[100,5.150269508361816],
[100,5.160314321517944],
[100,5.170265436172485],
[100,5.180094242095947],
[100,5.1903159618377686],
[100,5.20016884803772],
[100,5.210298776626587],
[100,5.2204790115356445],
[100,5.230240821838379],
[100,5.24053692817688],
[100,5.250490427017212],
[100,5.260390520095825],
[100,5.270848274230957],
[100,5.280909776687622],
[100,5.290379047393799],
[100,5.300426244735718],
[100,5.310539722442627],
[100,5.320331335067749],
[100,5.3304595947265625],
[100,5.340508699417114],
[100,5.349640846252441],
[100,5.360206604003906],
[100,5.370227336883545],
[100,5.380297422409058],
[100,5.390360355377197],
[100,5.400267601013184],
[100,5.410143852233887],
[100,5.420286417007446],
[100,5.430118560791016],
[100,5.440140247344971],
[100,5.450750827789307],
[100,5.460473299026489],
[100,5.470432758331299],
[100,5.480472564697266],
[100,5.490869760513306],
[100,5.500712156295776],
[100,5.5105140209198],
[100,5.520407438278198],
[100,5.530274391174316],
[100,5.54037880897522],
[100,5.550781011581421],
[100,5.5604636669158936],
[100,5.570427656173706],
[100,5.580407381057739],
[100,5.590353727340698],
[100,5.600442171096802],
[100,5.61054539680481],
[100,5.620396852493286],
[100,5.63016939163208],
[100,5.640429973602295],
[100,5.650370836257935],
[100,5.660515546798706],
[100,5.670616388320923],
[100,5.680374622344971],
[100,5.6902101039886475],
[100,5.70032262802124],
[100,5.710601091384888],
[100,5.720415353775024],
[100,5.730333566665649],
[100,5.740349769592285],
[100,5.750265598297119],
[100,5.76031494140625],
[100,5.770747184753418],
[100,5.780359506607056],
[100,5.790432453155518],
[100,5.800339221954346],
[100,5.810219049453735],
[100,5.820338726043701],
[100,5.830317974090576],
[100,5.840272665023804],
[100,5.8502771854400635],
[100,5.860344648361206],
[100,5.870273113250732],
[100,5.880357503890991],
[100,5.890783071517944],
[100,5.9004151821136475],
[100,5.910478591918945],
[100,5.9203550815582275],
[100,5.930276155471802],
[100,5.940234661102295],
[100,5.950495958328247],
[100,5.960371732711792],
[100,5.970322608947754],
[100,5.98034405708313],
[100,5.989830255508423],
[100,6.000262022018433],
[100,6.010520696640015],
[100,6.020260810852051],
[100,6.030181884765625],
[100,6.040389776229858],
[100,6.0503528118133545],
[100,6.060506582260132],
[100,6.070620536804199],
[100,6.0807342529296875],
[100,6.090229034423828],
[100,6.100327491760254],
[100,6.110387086868286],
[100,6.1202569007873535],
[100,6.130345344543457],
[100,6.140387296676636],
[100,6.150269985198975],
[100,6.16032075881958],
[100,6.170340538024902],
[100,6.180552959442139],
[100,6.190325021743774],
[100,6.2003014087677],
[100,6.210386514663696],
[100,6.220257759094238],
[100,6.230431079864502],
[100,6.240269422531128],
[100,6.250454664230347],
[100,6.260326623916626],
[100,6.270259141921997],
[100,6.280193090438843],
[100,6.29069972038269],
[100,6.300699472427368],
[100,6.310311317443848],
[100,6.320356130599976],
[100,6.330324411392212],
[100,6.340199708938599],
[100,6.350634813308716],
[100,6.36075234413147],
[100,6.370314121246338],
[100,6.380359888076782],
[100,6.3903326988220215],
[100,6.40023398399353],
[100,6.410497426986694],
[100,6.420351505279541],
[100,6.430212736129761],
[100,6.440366506576538],
[100,6.450200796127319],
[100,6.4604127407073975],
[100,6.470357179641724],
[100,6.480195760726929],
[100,6.490370750427246],
[100,6.500258684158325],
[100,6.5103919506073],
[100,6.520407676696777],
[100,6.530203342437744],
[100,6.540377616882324],
[100,6.5503830909729],
[100,6.560516119003296],
[100,6.570420026779175],
[100,6.580313205718994],
[100,6.590271234512329],
[100,6.600392818450928],
[100,6.610371112823486],
[100,6.620242357254028],
[100,6.629907846450806],
[100,6.640298843383789],
[100,6.650267601013184],
[100,6.660416603088379],
[100,6.670355319976807],
[100,6.680237054824829],
[100,6.690407752990723],
[100,6.700432300567627],
[100,6.710242509841919],
[100,6.720423698425293],
[100,6.730300426483154],
[100,6.740506649017334],
[100,6.750368356704712],
[100,6.760382175445557],
[100,6.770435333251953],
[100,6.780288219451904],
[100,6.7903735637664795],
[100,6.800546169281006],
[100,6.810375690460205],
[100,6.820479869842529],
[100,6.830449342727661],
[100,6.840425491333008],
[100,6.850464820861816],
[100,6.860379457473755],
[100,6.870457172393799],
[100,6.880870342254639],
[100,6.890373229980469],
[100,6.900412082672119],
[100,6.910422086715698],
[100,6.92038369178772],
[100,6.930563926696777],
[100,6.940544843673706],
[100,6.950383186340332],
[100,6.96027398109436],
[100,6.970476150512695],
[100,6.980495929718018],
[100,6.990437984466553],
[100,7.000643491744995],
[100,7.010321855545044],
[100,7.020347833633423],
[100,7.03048300743103],
[100,7.040542125701904],
[100,7.0503809452056885],
[100,7.060478210449219],
[100,7.07051682472229],
[100,7.080294132232666],
[100,7.090600252151489],
[100,7.100909233093262],
[100,7.1104161739349365],
[100,7.120528221130371],
[100,7.130516529083252],
[100,7.140415191650391],
[100,7.150500297546387],
[100,7.160497188568115],
[100,7.170442342758179],
[100,7.180526494979858],
[100,7.190507173538208],
[100,7.200406551361084],
[100,7.210313558578491],
[100,7.220495939254761],
[100,7.230406999588013],
[100,7.240511894226074],
[100,7.250519752502441],
[100,7.260366439819336],
[100,7.270017147064209],
[100,7.280496120452881],
[100,7.290358066558838],
[100,7.300433397293091],
[100,7.310483455657959],
[100,7.320427417755127],
[100,7.330341339111328],
[100,7.340476989746094],
[100,7.3504040241241455],
[100,7.3603515625],
[100,7.370497703552246],
[100,7.38032341003418],
[100,7.390523672103882],
[100,7.4002861976623535],
[100,7.410573482513428],
[100,7.420543909072876],
[100,7.430354595184326],
[100,7.4404401779174805],
[100,7.450411081314087],
[100,7.460501194000244],
[100,7.470407962799072],
[100,7.480403423309326],
[100,7.490512132644653],
[100,7.5004401206970215],
[100,7.510321855545044],
[100,7.5205371379852295],
[100,7.530447006225586],
[100,7.540411949157715],
[100,7.550531625747681],
[100,7.560519456863403],
[100,7.57041335105896],
[100,7.580475330352783],
[100,7.590498685836792],
[100,7.600420951843262],
[100,7.610411167144775],
[100,7.6205010414123535],
[100,7.630528926849365],
[100,7.640366792678833],
[100,7.650495767593384],
[100,7.660475730895996],
[100,7.670325517654419],
[100,7.680401563644409],
[100,7.690513849258423],
[100,7.700291395187378],
[100,7.710407018661499],
[100,7.720426797866821],
[100,7.730294942855835],
[100,7.740397691726685],
[100,7.750421762466431],
[100,7.76031231880188],
[100,7.770397186279297],
[100,7.7803566455841064],
[100,7.790457248687744],
[100,7.800410985946655],
[100,7.810229301452637],
[100,7.820578575134277],
[100,7.830260992050171],
[100,7.840396165847778],
[100,7.850340127944946],
[100,7.860407114028931],
[100,7.870435476303101],
[100,7.880321502685547],
[100,7.890246391296387],
[100,7.900410175323486],
[100,7.909757614135742],
[100,7.920393228530884],
[100,7.930400133132935],
[100,7.9402852058410645],
[100,7.950237035751343],
[100,7.960395097732544],
[100,7.970384120941162],
[100,7.980243444442749],
[100,7.990411996841431],
[100,8.000287055969238],
[100,8.010437250137329],
[100,8.0204017162323],
[100,8.030386686325073],
[100,8.04029655456543],
[100,8.050403594970703],
[100,8.060417413711548],
[100,8.070304155349731],
[100,8.080387115478516],
[100,8.09038758277893],
[100,8.100314140319824],
[100,8.110388278961182],
[100,8.120401859283447],
[100,8.130298614501953],
[100,8.140331983566284],
[100,8.15039587020874],
[100,8.160271644592285],
[100,8.170371770858765],
[100,8.180545568466187],
[100,8.190402269363403],
[100,8.20053482055664],
[100,8.21045470237732],
[100,8.22031044960022],
[100,8.230243682861328],
[100,8.240432500839233],
[100,8.250341653823853],
[100,8.26026964187622],
[100,8.270404815673828],
[100,8.280438899993896],
[100,8.290261268615723],
[100,8.300429821014404],
[100,8.310283184051514],
[100,8.320453643798828],
[100,8.330402851104736],
[100,8.340258121490479],
[100,8.350513935089111],
[100,8.360374927520752],
[100,8.370441436767578],
[100,8.380337953567505],
[100,8.390281438827515],
[100,8.400445461273193],
[100,8.410433530807495],
[100,8.420469760894775],
[100,8.430470705032349],
[100,8.440349578857422],
[100,8.450483798980713],
[100,8.460288524627686],
[100,8.470344543457031],
[100,8.48046875],
[100,8.490381240844727],
[100,8.500277280807495],
[100,8.510386228561401],
[100,8.520380973815918],
[100,8.530350923538208],
[100,8.540285587310791],
[100,8.5499746799469],
[100,8.560389518737793],
[100,8.570464611053467],
[100,8.580503940582275],
[100,8.59033203125],
[100,8.600310325622559],
[100,8.610445499420166],
[100,8.620266199111938],
[100,8.630232572555542],
[100,8.640368938446045],
[100,8.650375843048096],
[100,8.660336017608643],
[100,8.670428276062012],
[100,8.680432319641113],
[100,8.690288543701172],
[100,8.700409650802612],
[100,8.71040415763855],
[100,8.72030520439148],
[100,8.730391502380371],
[100,8.740391492843628],
[100,8.750362396240234],
[100,8.760369777679443],
[100,8.770341396331787],
[100,8.780260562896729],
[100,8.790278196334839],
[100,8.800361394882202],
[100,8.810287714004517],
[100,8.82036828994751],
[100,8.830214738845825],
[100,8.840243101119995],
[100,8.85047459602356],
[100,8.860315561294556],
[100,8.870483875274658],
[100,8.880441904067993],
[100,8.890191793441772],
[100,8.900259256362915],
[100,8.910160779953003],
[100,8.920281887054443],
[100,8.930226564407349],
[100,8.940332651138306],
[100,8.950369119644165],
[100,8.960335731506348],
[100,8.970166683197021],
[100,8.980295181274414],
[100,8.990280628204346],
[100,9.000210285186768],
[100,9.010278701782227],
[100,9.020289659500122],
[100,9.030191421508789],
[100,9.040318012237549],
[100,9.050312519073486],
[100,9.060180425643921],
[100,9.070265293121338],
[100,9.080274820327759],
[100,9.090182304382324],
[100,9.100324392318726],
[100,9.110440492630005],
[100,9.1202392578125],
[100,9.130292415618896],
[100,9.140275239944458],
[100,9.150213479995728],
[100,9.160456657409668],
[100,9.170666694641113],
[100,9.180217981338501],
[100,9.189639568328857],
[100,9.200303792953491],
[100,9.210195064544678],
[100,9.220285177230835],
[100,9.230272054672241],
[100,9.240209102630615],
[100,9.25016713142395],
[100,9.260266542434692],
[100,9.27018404006958],
[100,9.28039836883545],
[100,9.290448188781738],
[100,9.300462245941162],
[100,9.310330867767334],
[100,9.320191383361816],
[100,9.330395936965942],
[100,9.340206861495972],
[100,9.350296020507812],
[100,9.360288619995117],
[100,9.370215892791748],
[100,9.380336284637451],
[100,9.390324592590332],
[100,9.400319576263428],
[100,9.410425901412964],
[100,9.420347452163696],
[100,9.430237293243408],
[100,9.440337657928467],
[100,9.450274229049683],
[100,9.460371017456055],
[100,9.470637559890747],
[100,9.480111360549927],
[100,9.490285396575928],
[100,9.500148057937622],
[100,9.510339736938477],
[100,9.520286083221436],
[100,9.530109405517578],
[100,9.540271043777466],
[100,9.550345182418823],
[100,9.560150384902954],
[100,9.570388555526733],
[100,9.580745935440063],
[100,9.590402841567993],
[100,9.600456953048706],
[100,9.610528945922852],
[100,9.620440244674683],
[100,9.630511045455933],
[100,9.640496969223022],
[100,9.650434732437134],
[100,9.66048812866211],
[100,9.670491933822632],
[100,9.680525779724121],
[100,9.69052243232727],
[100,9.7004976272583],
[100,9.710470914840698],
[100,9.72041368484497],
[100,9.730364799499512],
[100,9.740235805511475],
[100,9.750380277633667],
[100,9.760497093200684],
[100,9.770259618759155],
[100,9.780317783355713],
[100,9.79029369354248],
[100,9.800365686416626],
[100,9.810325860977173],
[100,9.820380210876465],
[100,9.829944372177124],
[100,9.840243101119995],
[100,9.850376605987549],
[100,9.860449314117432],
[100,9.870236873626709],
[100,9.880372047424316],
[100,9.890374660491943],
[100,9.900217056274414],
[100,9.910328388214111],
[100,9.92033839225769],
[100,9.930204629898071],
[100,9.940346956253052],
[100,9.950356006622314],
[100,9.96023678779602],
[100,9.970349788665771],
[100,9.98032259941101],
[100,9.990208148956299],
[100,10.000206232070923],
[100,10.01030707359314],
[100,10.020241498947144],
[100,10.030327320098877],
[100,10.040338516235352],
[100,10.05025839805603],
[100,10.060323476791382],
[100,10.070307493209839],
[100,10.080267906188965],
[100,10.09055209159851],
[100,10.100485563278198],
[100,10.110436916351318],
[100,10.12047529220581],
[100,10.130465030670166],
[100,10.140458583831787],
[100,10.15046501159668],
[100,10.160558462142944],
[100,10.170438289642334],
[100,10.180348873138428],
[100,10.190632820129395],
[100,10.200561285018921],
[100,10.210439205169678],
[100,10.220499038696289],
[100,10.230359315872192],
[100,10.240500688552856],
[100,10.250301361083984],
[100,10.26041030883789],
[100,10.270533800125122],
[100,10.280317783355713],
[100,10.290542840957642],
[100,10.30038046836853],
[100,10.310479640960693],
[100,10.320489645004272],
[100,10.330393075942993],
[100,10.340468645095825],
[100,10.35049557685852],
[100,10.360356092453003],
[100,10.370494604110718],
[100,10.380533456802368],
[100,10.390334367752075],
[100,10.40033221244812],
[100,10.410515308380127],
[100,10.420320272445679],
[100,10.430421590805054],
[100,10.4404137134552],
[100,10.450335502624512],
[100,10.460460901260376],
[100,10.469893217086792],
[100,10.480326175689697],
[100,10.490297555923462],
[100,10.500428915023804],
[100,10.510428428649902],
[100,10.52027153968811],
[100,10.53046202659607],
[100,10.540449142456055],
[100,10.550410509109497],
[100,10.560441493988037],
[100,10.570489406585693],
[100,10.580320835113525],
[100,10.590527296066284],
[100,10.60028862953186],
[100,10.610536336898804],
[100,10.620459079742432],
[100,10.630275249481201],
[100,10.64053726196289],
[100,10.650305271148682],
[100,10.660465478897095],
