[52,0.008138179779052734],
[52,0.017969131469726562],
[52,0.028187274932861328],
[52,0.03800344467163086],
[52,0.04806065559387207],
[52,0.058083295822143555],
[52,0.0680999755859375],
[52,0.0781714916229248],
[52,0.08812880516052246],
[52,0.09827041625976562],
[52,0.10804176330566406],
[52,0.11820173263549805],
[52,0.12810039520263672],
[52,0.13797640800476074],
[52,0.14797377586364746],
[52,0.15827488899230957],
[52,0.1682112216949463],
[52,0.1782243251800537],
[52,0.1881389617919922],
[52,0.19818544387817383],
[52,0.2082524299621582],
[52,0.2184596061706543],
[52,0.22806286811828613],
[52,0.23803400993347168],
[52,0.24835801124572754],
[52,0.2584500312805176],
[52,0.2683584690093994],
[52,0.2783210277557373],
[52,0.28836655616760254],
[52,0.29824256896972656],
[52,0.3086071014404297],
[52,0.31818699836730957],
[52,0.3280937671661377],
[52,0.3380279541015625],
[52,0.3481566905975342],
[52,0.3583104610443115],
[52,0.3679952621459961],
[52,0.3779568672180176],
[52,0.38803935050964355],
[52,0.3979640007019043],
[52,0.40815091133117676],
[52,0.4179718494415283],
[52,0.4279654026031494],
[52,0.4380626678466797],
[52,0.4479634761810303],
[52,0.4582793712615967],
[52,0.4683518409729004],
[52,0.47781801223754883],
[52,0.4876089096069336],
[52,0.49794864654541016],
[52,0.5081977844238281],
[52,0.5182831287384033],
[52,0.5279948711395264],
[52,0.5379526615142822],
[52,0.5479674339294434],
[51,0.557938814163208],
[51,0.5680263042449951],
[51,0.5780808925628662],
[51,0.5879652500152588],
[51,0.5979034900665283],
[51,0.6080482006072998],
[51,0.6182425022125244],
[51,0.6281337738037109],
[51,0.638134241104126],
[51,0.6479842662811279],
[51,0.6578145027160645],
[51,0.6680874824523926],
[51,0.6778175830841064],
[51,0.6881821155548096],
[51,0.6979968547821045],
[51,0.7078239917755127],
[51,0.7181267738342285],
[51,0.7279210090637207],
[51,0.7379965782165527],
[51,0.7479922771453857],
[51,0.7579190731048584],
[51,0.7680225372314453],
[51,0.7780580520629883],
[51,0.7879440784454346],
[51,0.7979683876037598],
[51,0.8080294132232666],
[51,0.8178822994232178],
[51,0.8279423713684082],
[51,0.8379185199737549],
[51,0.8482000827789307],
[51,0.858281135559082],
[51,0.8679592609405518],
[51,0.8778209686279297],
[51,0.8879837989807129],
[51,0.8979294300079346],
[51,0.9079079627990723],
[51,0.9179372787475586],
[51,0.9279112815856934],
[51,0.9378836154937744],
[51,0.9481306076049805],
[51,0.9580838680267334],
[51,0.9681177139282227],
[51,0.978156328201294],
[51,0.9882104396820068],
[51,0.9981212615966797],
[51,1.0082077980041504],
[51,1.0181434154510498],
[51,1.0281598567962646],
[51,1.038365364074707],
[51,1.048264980316162],
[51,1.0582270622253418],
[51,1.0681164264678955],
[51,1.0781981945037842],
[51,1.0882325172424316],
[51,1.098172903060913],
[51,1.108238697052002],
[51,1.1183130741119385],
[51,1.12770414352417],
[51,1.1381840705871582],
[51,1.1483118534088135],
[51,1.1581153869628906],
[51,1.1681830883026123],
[51,1.1782639026641846],
[51,1.188033103942871],
[51,1.1980705261230469],
[51,1.2081348896026611],
[51,1.2180602550506592],
[51,1.2282297611236572],
[51,1.23807692527771],
[51,1.248089075088501],
[51,1.2581517696380615],
[51,1.2681381702423096],
[51,1.2780816555023193],
[51,1.2883930206298828],
[51,1.2982478141784668],
[51,1.3080313205718994],
[51,1.3183257579803467],
[51,1.3282265663146973],
[51,1.3381662368774414],
[51,1.3482177257537842],
[51,1.3581607341766357],
[51,1.3681728839874268],
[51,1.378199815750122],
[51,1.3881239891052246],
[51,1.3982207775115967],
[51,1.4082419872283936],
[51,1.4181854724884033],
[51,1.428365707397461],
[51,1.4380555152893066],
[51,1.4481182098388672],
[51,1.4585168361663818],
[51,1.4681205749511719],
[51,1.4781923294067383],
[51,1.4884536266326904],
[51,1.4981207847595215],
[51,1.5083906650543213],
[51,1.5184597969055176],
[51,1.5279314517974854],
[51,1.5383250713348389],
[51,1.5481030941009521],
[51,1.5580978393554688],
[51,1.568373203277588],
[51,1.5784666538238525],
[51,1.5880932807922363],
[51,1.598158359527588],
[51,1.6081929206848145],
[51,1.6180946826934814],
[51,1.628040075302124],
[51,1.638016700744629],
[51,1.6479580402374268],
[51,1.6580424308776855],
[51,1.668419599533081],
[51,1.6781883239746094],
[51,1.6883325576782227],
[51,1.6981730461120605],
[51,1.7079291343688965],
[51,1.7180941104888916],
[51,1.7278704643249512],
[51,1.7380280494689941],
[51,1.7479252815246582],
[51,1.7578299045562744],
[51,1.767578125],
[51,1.777982234954834],
[51,1.7879929542541504],
[51,1.7979838848114014],
[51,1.8079304695129395],
[51,1.817990779876709],
[51,1.8279950618743896],
[51,1.837963342666626],
[51,1.8480310440063477],
[51,1.857825517654419],
[51,1.8680763244628906],
[51,1.8779642581939697],
[51,1.8879268169403076],
[51,1.8978519439697266],
[51,1.90797758102417],
[51,1.9179320335388184],
[51,1.9277987480163574],
[51,1.9380550384521484],
[51,1.947934865951538],
[51,1.9577836990356445],
[51,1.9680123329162598],
[51,1.977935552597046],
[51,1.9880576133728027],
[51,1.9980738162994385],
[51,2.0082035064697266],
[51,2.0180227756500244],
[51,2.0280964374542236],
[51,2.038097620010376],
[51,2.04801344871521],
[51,2.058206796646118],
[51,2.068465232849121],
[51,2.078169822692871],
[51,2.088160514831543],
[51,2.0980608463287354],
[51,2.10805344581604],
[51,2.1182711124420166],
[51,2.1281094551086426],
[51,2.138167381286621],
[51,2.148146390914917],
[51,2.158020496368408],
[51,2.1682417392730713],
[51,2.17857027053833],
[51,2.1880135536193848],
[51,2.198085308074951],
[51,2.208195447921753],
[51,2.2180802822113037],
[51,2.228090763092041],
[51,2.2379438877105713],
[51,2.248159885406494],
[51,2.2581019401550293],
[51,2.2680559158325195],
[51,2.2781901359558105],
[51,2.28816294670105],
[51,2.2980449199676514],
[51,2.3082079887390137],
[51,2.318230628967285],
[51,2.3280251026153564],
[51,2.3381896018981934],
[52,2.3483076095581055],
[53,2.3581669330596924],
[55,2.368237018585205],
[57,2.378201723098755],
[59,2.388073205947876],
[62,2.3982160091400146],
[65,2.4077250957489014],
[68,2.4181785583496094],
[71,2.428204298019409],
[74,2.4382073879241943],
[76,2.4480624198913574],
[79,2.458073616027832],
[82,2.468630313873291],
[85,2.478137493133545],
[87,2.488064765930176],
[90,2.4980897903442383],
[93,2.5079843997955322],
[96,2.5181100368499756],
[98,2.5279252529144287],
[101,2.5380661487579346],
[104,2.5480878353118896],
[107,2.55790638923645],
[109,2.568025827407837],
[112,2.5779106616973877],
[115,2.58807373046875],
[117,2.5980284214019775],
[120,2.6079366207122803],
[123,2.618029832839966],
[125,2.6280505657196045],
[128,2.6379287242889404],
[131,2.648083448410034],
[133,2.658456802368164],
[136,2.6679511070251465],
[139,2.6779727935791016],
[141,2.688204050064087],
[144,2.6979892253875732],
[147,2.70810604095459],
[149,2.718498945236206],
[152,2.7280845642089844],
[155,2.738252878189087],
[157,2.7482175827026367],
[160,2.7582192420959473],
[163,2.768650770187378],
[166,2.7782821655273438],
[168,2.788095474243164],
[171,2.7981226444244385],
[174,2.8081393241882324],
[177,2.8181087970733643],
[179,2.828191041946411],
[182,2.8381106853485107],
[185,2.847987413406372],
[187,2.8579471111297607],
[190,2.868464469909668],
[193,2.8780620098114014],
[196,2.8881983757019043],
[198,2.8980977535247803],
[201,2.9080677032470703],
[204,2.9179577827453613],
[207,2.928208112716675],
[209,2.938176393508911],
[212,2.9480464458465576],
[214,2.9581522941589355],
[217,2.9681313037872314],
[219,2.978137969970703],
[221,2.9881443977355957],
[222,2.9980411529541016],
[224,3.008096218109131],
[225,3.0181095600128174],
[226,3.0280938148498535],
[226,3.0379769802093506],
[227,3.047689914703369],
[227,3.0585169792175293],
[226,3.0679759979248047],
[226,3.0780889987945557],
[226,3.088207721710205],
[225,3.0980398654937744],
[224,3.108241558074951],
[224,3.118135690689087],
[223,3.1281607151031494],
[223,3.1381137371063232],
[222,3.1481165885925293],
[222,3.158066511154175],
[221,3.1680104732513428],
[221,3.1781013011932373],
[220,3.1879384517669678],
[220,3.198070764541626],
[219,3.208186149597168],
[219,3.2181622982025146],
[219,3.2281928062438965],
[218,3.2381248474121094],
[218,3.2480976581573486],
[217,3.257983922958374],
[217,3.2684340476989746],
[217,3.2782034873962402],
[216,3.288119316101074],
[216,3.298142671585083],
[216,3.3082115650177],
[215,3.317997932434082],
[215,3.3281242847442627],
[214,3.3381173610687256],
[214,3.3480072021484375],
[214,3.3580915927886963],
[213,3.367941379547119],
[213,3.3780529499053955],
[213,3.387939453125],
[213,3.3979554176330566],
[212,3.4081227779388428],
[212,3.4181127548217773],
[212,3.42799973487854],
[212,3.438109874725342],
[212,3.447916030883789],
[212,3.4583451747894287],
[212,3.4679179191589355],
[212,3.4780361652374268],
[212,3.4880805015563965],
[212,3.4979002475738525],
[212,3.508021354675293],
[212,3.5182156562805176],
[212,3.527894973754883],
[212,3.538037061691284],
[212,3.5481297969818115],
[212,3.557997941970825],
[212,3.568237066268921],
[212,3.5780444145202637],
[212,3.5879297256469727],
[212,3.5978872776031494],
[212,3.608067274093628],
[212,3.6180787086486816],
[212,3.627877950668335],
[212,3.6380183696746826],
[212,3.6480467319488525],
[212,3.657881736755371],
[212,3.668332815170288],
[212,3.6783957481384277],
[212,3.687408208847046],
[212,3.698049306869507],
[212,3.708240270614624],
[212,3.7180614471435547],
[212,3.7282958030700684],
[212,3.7380905151367188],
[212,3.748103380203247],
[212,3.758188247680664],
[212,3.7682299613952637],
[212,3.778153657913208],
[212,3.7883198261260986],
[212,3.7981724739074707],
[212,3.8081982135772705],
[212,3.8182075023651123],
[212,3.828221321105957],
[212,3.838282346725464],
[212,3.84837007522583],
[212,3.858149766921997],
[212,3.8682219982147217],
[212,3.8782386779785156],
[212,3.888230085372925],
[212,3.8980019092559814],
[212,3.9080617427825928],
[212,3.918104648590088],
[212,3.9279494285583496],
[212,3.9380431175231934],
[212,3.9484591484069824],
[212,3.958078384399414],
[212,3.968295097351074],
[212,3.9781978130340576],
[212,3.988089084625244],
[212,3.9981071949005127],
[212,4.008242607116699],
[212,4.018402338027954],
[212,4.028096437454224],
[212,4.038225412368774],
[212,4.048046827316284],
[212,4.058204174041748],
[212,4.0687103271484375],
[212,4.078595161437988],
[212,4.088228940963745],
[212,4.098231077194214],
[212,4.108250617980957],
[212,4.118053436279297],
[212,4.128204345703125],
[212,4.138129711151123],
[212,4.1481523513793945],
[212,4.158081293106079],
[212,4.168060302734375],
[212,4.178058862686157],
[212,4.188232898712158],
[212,4.198263168334961],
[212,4.207935333251953],
[212,4.218198537826538],
[212,4.228067398071289],
[212,4.23805832862854],
[212,4.247971773147583],
[212,4.258096218109131],
[212,4.268042087554932],
[212,4.278058767318726],
[212,4.288062334060669],
[212,4.298142194747925],
[212,4.307945013046265],
[212,4.31848406791687],
[212,4.327425479888916],
[212,4.338069915771484],
[212,4.3481221199035645],
[212,4.358066558837891],
[212,4.368040323257446],
[212,4.378241062164307],
[212,4.388129234313965],
[212,4.397973537445068],
[212,4.408102512359619],
[212,4.418076753616333],
[212,4.427965879440308],
[212,4.438048362731934],
[212,4.448099374771118],
[212,4.458136320114136],
[212,4.468378067016602],
[212,4.47845983505249],
[212,4.488036870956421],
[212,4.498075723648071],
[212,4.5080952644348145],
[212,4.518133640289307],
[212,4.528099775314331],
[212,4.538073301315308],
[212,4.548063516616821],
[212,4.558166027069092],
[212,4.568098068237305],
[212,4.578047513961792],
[212,4.588169097900391],
[212,4.5980682373046875],
[212,4.607982635498047],
[212,4.618165016174316],
[212,4.62807559967041],
[212,4.637962579727173],
[212,4.647958040237427],
[212,4.658125638961792],
[212,4.668016672134399],
[212,4.678102493286133],
[212,4.688053369522095],
[212,4.698137044906616],
[212,4.70798397064209],
[212,4.718372583389282],
[212,4.728079795837402],
[212,4.7380211353302],
[212,4.748111963272095],
[212,4.75849461555481],
[212,4.768021106719971],
[212,4.778049945831299],
[212,4.788118362426758],
[212,4.798014402389526],
[212,4.808104991912842],
[212,4.818051815032959],
[212,4.82796835899353],
[212,4.838189363479614],
[212,4.847997665405273],
[212,4.858024597167969],
[212,4.868058681488037],
[212,4.877904176712036],
[212,4.888198614120483],
[212,4.897924900054932],
[212,4.907908916473389],
[212,4.918321371078491],
[212,4.927937984466553],
[212,4.938049077987671],
[212,4.948043346405029],
[212,4.957970142364502],
[212,4.967557907104492],
[212,4.978053569793701],
[212,4.988083839416504],
[212,4.998042106628418],
[212,5.008094310760498],
[212,5.01790976524353],
[212,5.028058767318726],
[212,5.038047552108765],
[212,5.0479161739349365],
[212,5.058068037033081],
[212,5.068037271499634],
[212,5.07788610458374],
[212,5.088133096694946],
[212,5.098451375961304],
[212,5.108079195022583],
[212,5.1180291175842285],
[212,5.128220558166504],
[212,5.138064384460449],
[212,5.148072242736816],
[212,5.158067941665649],
[212,5.168136835098267],
[212,5.178081035614014],
[212,5.188077926635742],
[212,5.198050498962402],
[212,5.2081639766693115],
[212,5.218470811843872],
[212,5.228046655654907],
[212,5.238198757171631],
[212,5.248122453689575],
[212,5.258046865463257],
[212,5.268115997314453],
[212,5.278073310852051],
[212,5.288081169128418],
[212,5.298075437545776],
[212,5.308236598968506],
[212,5.3181726932525635],
[212,5.328082799911499],
[212,5.338060140609741],
[212,5.348119258880615],
[212,5.35798978805542],
[212,5.368093967437744],
[212,5.378090858459473],
[212,5.388140439987183],
[212,5.39829421043396],
[212,5.408157587051392],
[212,5.4182093143463135],
[212,5.428141117095947],
[212,5.438058614730835],
[212,5.4482128620147705],
[212,5.4583611488342285],
[212,5.468108415603638],
[212,5.477986574172974],
[212,5.488182544708252],
[212,5.498072147369385],
[212,5.508034706115723],
[212,5.518070220947266],
[212,5.528255939483643],
[212,5.5381200313568115],
[212,5.548385381698608],
[212,5.5582122802734375],
[212,5.568267822265625],
[212,5.578315258026123],
[212,5.588186740875244],
[212,5.598148584365845],
[212,5.6074934005737305],
[212,5.618513584136963],
[212,5.6280364990234375],
[212,5.638033866882324],
[212,5.648177146911621],
[212,5.658283233642578],
[212,5.668012380599976],
[212,5.678125858306885],
[212,5.688256502151489],
[212,5.698006868362427],
[212,5.708146572113037],
[212,5.718535423278809],
[212,5.728001832962036],
[212,5.738222599029541],
[212,5.748157024383545],
[212,5.75809121131897],
[212,5.7681403160095215],
[212,5.778075695037842],
[212,5.788074970245361],
[212,5.798102140426636],
[212,5.8079729080200195],
[212,5.818122625350952],
[212,5.8281073570251465],
[212,5.838129758834839],
[212,5.848069190979004],
[212,5.858290433883667],
[212,5.868497371673584],
[212,5.878300666809082],
[212,5.888169765472412],
[212,5.898101568222046],
[212,5.908010721206665],
[212,5.918250560760498],
[212,5.928114891052246],
[212,5.938062429428101],
[212,5.948129415512085],
[212,5.958499431610107],
[212,5.968150854110718],
[212,5.978105068206787],
[212,5.988091707229614],
[212,5.998141527175903],
[212,6.008021116256714],
[212,6.018132448196411],
[212,6.02802848815918],
[212,6.038394212722778],
[212,6.048163652420044],
[212,6.058067798614502],
[212,6.068035125732422],
[212,6.078146457672119],
[212,6.088246583938599],
[212,6.097822666168213],
[212,6.107931137084961],
[212,6.117797136306763],
[212,6.127803802490234],
[212,6.1379547119140625],
[212,6.147915840148926],
[212,6.157884120941162],
[212,6.167913436889648],
[212,6.17788290977478],
[212,6.187896966934204],
[212,6.19795560836792],
[212,6.2079315185546875],
[212,6.217899322509766],
[212,6.22794508934021],
[212,6.237886190414429],
[212,6.247445106506348],
[212,6.257976531982422],
[212,6.268057823181152],
[212,6.277873754501343],
[212,6.288010835647583],
[212,6.297924041748047],
[212,6.307837724685669],
[212,6.31804084777832],
[212,6.327959299087524],
[212,6.337850570678711],
[212,6.347856283187866],
[212,6.358023405075073],
[212,6.3680219650268555],
[212,6.37793231010437],
[212,6.387967348098755],
[212,6.398054361343384],
[212,6.407897472381592],
[212,6.417990684509277],
[212,6.428002595901489],
[212,6.437910318374634],
[212,6.44795036315918],
[212,6.458007574081421],
[212,6.467977523803711],
[212,6.477909803390503],
[212,6.48796272277832],
[212,6.497939825057983],
[212,6.507990121841431],
[212,6.518101453781128],
[212,6.528339147567749],
[212,6.538439989089966],
[212,6.548092365264893],
[212,6.55830717086792],
[212,6.568106174468994],
[212,6.578266143798828],
[212,6.588167190551758],
[212,6.598258018493652],
[212,6.608220815658569],
[212,6.618169546127319],
[212,6.628290891647339],
[212,6.6380956172943115],
[212,6.648111820220947],
[212,6.6583075523376465],
[212,6.668158531188965],
[212,6.678061008453369],
[212,6.688252925872803],
[212,6.69816255569458],
[212,6.708194017410278],
[212,6.7180421352386475],
[212,6.728161811828613],
[212,6.738527059555054],
[212,6.748074054718018],
[212,6.758183240890503],
[212,6.7683961391448975],
[212,6.778041839599609],
[212,6.788422584533691],
[212,6.7982566356658936],
[212,6.808104753494263],
[212,6.818265199661255],
[212,6.828147888183594],
[212,6.838159561157227],
[212,6.848224401473999],
[212,6.85815954208374],
[212,6.868103981018066],
[212,6.878132343292236],
[212,6.887646198272705],
[212,6.898104429244995],
[212,6.90818452835083],
[212,6.918170690536499],
[212,6.928001642227173],
[212,6.938180923461914],
[212,6.947946786880493],
[212,6.9579758644104],
[212,6.96816611289978],
[212,6.977923393249512],
[212,6.988191366195679],
[212,6.997963190078735],
[212,7.0081095695495605],
[212,7.018239974975586],
[212,7.027949571609497],
[212,7.0380377769470215],
[212,7.048017501831055],
[212,7.057945013046265],
[212,7.06805944442749],
[212,7.078001260757446],
[212,7.087914943695068],
[212,7.098028659820557],
[212,7.108076572418213],
[212,7.117940187454224],
[212,7.128035306930542],
[212,7.138178825378418],
[212,7.147982597351074],
[212,7.158107280731201],
[212,7.168490648269653],
[212,7.177918195724487],
[212,7.188175201416016],
[212,7.198079586029053],
[212,7.208001613616943],
[212,7.218215703964233],
[212,7.22842812538147],
[212,7.2380571365356445],
[212,7.248063325881958],
[212,7.258088827133179],
[212,7.268091678619385],
[212,7.278162956237793],
[212,7.2880470752716064],
[212,7.297946453094482],
[212,7.308023691177368],
[212,7.318049430847168],
[212,7.328067779541016],
[212,7.338364601135254],
[212,7.348096609115601],
[212,7.357999563217163],
[212,7.368169069290161],
[212,7.378082752227783],
[212,7.387998819351196],
[212,7.397965431213379],
[212,7.408125638961792],
[212,7.418123722076416],
[212,7.4279327392578125],
[212,7.438065052032471],
[212,7.448155641555786],
[212,7.458013534545898],
[212,7.468279838562012],
[212,7.47820258140564],
[212,7.487999200820923],
[212,7.498054504394531],
[212,7.508097410202026],
[212,7.518009424209595],
[212,7.527548551559448],
[212,7.538177728652954],
[212,7.548045635223389],
[212,7.558102607727051],
[212,7.56827449798584],
[212,7.5779736042022705],
[212,7.588297367095947],
[212,7.598148584365845],
[212,7.608029365539551],
[212,7.618092775344849],
[212,7.628091335296631],
[212,7.638046979904175],
[212,7.648159503936768],
[212,7.6580915451049805],
[212,7.668059587478638],
[212,7.678095579147339],
[212,7.68808650970459],
[212,7.698061466217041],
[212,7.707964897155762],
[212,7.718088626861572],
[212,7.728114366531372],
[212,7.738055944442749],
[212,7.748072147369385],
[212,7.757976293563843],
[212,7.76798152923584],
[212,7.778034925460815],
[212,7.788262844085693],
[212,7.798175573348999],
[212,7.808142185211182],
[212,7.818137884140015],
[212,7.827987909317017],
[212,7.838025808334351],
[212,7.848070859909058],
[212,7.858021974563599],
[212,7.8681817054748535],
[212,7.878087043762207],
[212,7.888018608093262],
[212,7.898049354553223],
[212,7.908074855804443],
[212,7.918342113494873],
[212,7.928105354309082],
[212,7.938044786453247],
[212,7.9480016231536865],
[212,7.9580206871032715],
[212,7.968464374542236],
[212,7.978082895278931],
[212,7.988121747970581],
[212,7.998080730438232],
[212,8.008001565933228],
[212,8.01823377609253],
[212,8.027927160263062],
[212,8.038268566131592],
[212,8.048200845718384],
[212,8.058075189590454],
[212,8.06804633140564],
[212,8.078041315078735],
[212,8.088171005249023],
[212,8.098146200180054],
[212,8.108270168304443],
[212,8.118314504623413],
[212,8.128238916397095],
[212,8.13817811012268],
[212,8.148265361785889],
[212,8.158334016799927],
[212,8.167698383331299],
[212,8.178202629089355],
[212,8.188336849212646],
[212,8.198182582855225],
[212,8.208262205123901],
[212,8.218237161636353],
[212,8.228058338165283],
[212,8.238286018371582],
[212,8.248186111450195],
[212,8.258183002471924],
[212,8.268216848373413],
[212,8.278200387954712],
[212,8.288161277770996],
[212,8.29819393157959],
[212,8.308202505111694],
[212,8.31821894645691],
[212,8.328201293945312],
[212,8.338119983673096],
[212,8.349018812179565],
[212,8.358620405197144],
[212,8.368399620056152],
[212,8.3785400390625],
[212,8.388633489608765],
[212,8.398422718048096],
[212,8.408273935317993],
[212,8.418400764465332],
[212,8.428242206573486],
[212,8.43820309638977],
[212,8.44822096824646],
[212,8.458289623260498],
[212,8.468315124511719],
[212,8.478057146072388],
[212,8.488212585449219],
[212,8.498307943344116],
[212,8.50832748413086],
[212,8.518612623214722],
[212,8.528294086456299],
[212,8.538190364837646],
[212,8.548420190811157],
[212,8.558334350585938],
[212,8.568180084228516],
[212,8.578508138656616],
[212,8.588254928588867],
[212,8.598223686218262],
[212,8.608400344848633],
[212,8.618075132369995],
[212,8.6284019947052],
[212,8.638254404067993],
[212,8.64828872680664],
[212,8.658541917800903],
[212,8.668376684188843],
[212,8.678212881088257],
[212,8.68822193145752],
[212,8.698206424713135],
[212,8.70822525024414],
[212,8.718289375305176],
[212,8.728074789047241],
[212,8.738266944885254],
[212,8.748218059539795],
[212,8.758209228515625],
[212,8.768260717391968],
[212,8.778101205825806],
[212,8.788384437561035],
[212,8.798200607299805],
[212,8.807703018188477],
[212,8.818446397781372],
[212,8.828048944473267],
[212,8.838303327560425],
[212,8.848199367523193],
[212,8.858394861221313],
[212,8.868425369262695],
[212,8.878266096115112],
[212,8.888214826583862],
[212,8.898261070251465],
[212,8.908334016799927],
[212,8.918487548828125],
[212,8.92815375328064],
[212,8.9382004737854],
[212,8.94829511642456],
[212,8.958597421646118],
[212,8.968262195587158],
[212,8.978279829025269],
[212,8.98825478553772],
[212,8.99823546409607],
[212,9.008361339569092],
[212,9.018548488616943],
[212,9.028255224227905],
[212,9.03839921951294],
[212,9.048338174819946],
[212,9.05821967124939],
[212,9.068320751190186],
[212,9.078366756439209],
[212,9.08820390701294],
[212,9.098286628723145],
[212,9.10832405090332],
[212,9.118190288543701],
[212,9.128364324569702],
[212,9.138205528259277],
[212,9.14816665649414],
[212,9.158115863800049],
[212,9.168180704116821],
[212,9.178348541259766],
[212,9.188345193862915],
[212,9.19837760925293],
[212,9.208231210708618],
[212,9.218129873275757],
[212,9.228190422058105],
[212,9.238277912139893],
[212,9.248178958892822],
[212,9.25822138786316],
[212,9.268115997314453],
[212,9.278143644332886],
[212,9.288309097290039],
[212,9.298141241073608],
[212,9.30834436416626],
[212,9.318299055099487],
[212,9.328278303146362],
[212,9.338328123092651],
[212,9.348262071609497],
[212,9.358297109603882],
[212,9.368273258209229],
[212,9.37825870513916],
[212,9.388216018676758],
[212,9.398149251937866],
[212,9.408279657363892],
[212,9.418155193328857],
[212,9.428218841552734],
[212,9.438460350036621],
[212,9.44780683517456],
[212,9.458060503005981],
[212,9.468274116516113],
[212,9.478176593780518],
[212,9.488258600234985],
[212,9.498105525970459],
[212,9.508318185806274],
[212,9.518255710601807],
[212,9.528114795684814],
[212,9.538422107696533],
[212,9.548731327056885],
[212,9.55829668045044],
[212,9.568548679351807],
[212,9.578611612319946],
[212,9.588221549987793],
[212,9.598378896713257],
[212,9.608228921890259],
[212,9.618272304534912],
[212,9.628353834152222],
[212,9.638624906539917],
[212,9.648290157318115],
[212,9.658414602279663],
[212,9.668205499649048],
[212,9.678288698196411],
[212,9.68844223022461],
[212,9.69829249382019],
[212,9.708218812942505],
[212,9.718454599380493],
[212,9.728332042694092],
[212,9.738227605819702],
[212,9.748373031616211],
[212,9.758153676986694],
[212,9.768224954605103],
[212,9.778215885162354],
[212,9.788053035736084],
[212,9.798536777496338],
[212,9.808224201202393],
[212,9.818228483200073],
[212,9.828285455703735],
[212,9.83835768699646],
[212,9.848277568817139],
[212,9.858299016952515],
[212,9.86814284324646],
[212,9.878251314163208],
[212,9.888288497924805],
[212,9.898038148880005],
[212,9.908199310302734],
[212,9.918326616287231],
[212,9.927810192108154],
[212,9.938014268875122],
[212,9.948341608047485],
[212,9.958338737487793],
[212,9.968417882919312],
[212,9.978514909744263],
[212,9.9881272315979],
[212,9.99811840057373],
[212,10.008180618286133],
[212,10.018179893493652],
[212,10.028305768966675],
[212,10.038386583328247],
[212,10.048216342926025],
[212,10.058232307434082],
[212,10.068562030792236],
[212,10.078203201293945],
[212,10.087738752365112],
[212,10.098218202590942],
[212,10.108133316040039],
[212,10.118375062942505],
[212,10.128348350524902],
[212,10.138204097747803],
[212,10.148195266723633],
[212,10.15828800201416],
[212,10.168328046798706],
[212,10.178333282470703],
[212,10.188231706619263],
[212,10.198202133178711],
[212,10.20826005935669],
[212,10.218687295913696],
[212,10.228259086608887],
[212,10.238160848617554],
[212,10.24825644493103],
[212,10.25863528251648],
[212,10.268481254577637],
[212,10.278573274612427],
[212,10.288087606430054],
[212,10.298122644424438],
[212,10.30804443359375],
[212,10.318076848983765],
[212,10.328131914138794],
[212,10.338067770004272],
[212,10.348144054412842],
[212,10.358052492141724],
[212,10.368207931518555],
[212,10.378058195114136],
[212,10.38815712928772],
[212,10.398132562637329],
[212,10.408100128173828],
[212,10.417954444885254],
[212,10.428189754486084],
[212,10.438467502593994],
[212,10.448174476623535],
[212,10.458096027374268],
[212,10.468523263931274],
[212,10.478033304214478],
[212,10.48801302909851],
[212,10.49804425239563],
[212,10.507932901382446],
[212,10.51803708076477],
[212,10.528102159500122],
[212,10.538269996643066],
[212,10.548197269439697],
[212,10.55836296081543],
[212,10.568435907363892],
[212,10.578216075897217],
[212,10.588202238082886],
[212,10.597957372665405],
[212,10.608190536499023],
[212,10.618095636367798],
[212,10.628100872039795],
[212,10.63812518119812],
[212,10.648115396499634],
[212,10.658102989196777],
[212,10.668152570724487],
[212,10.678147315979004],
[212,10.688122749328613],
[212,10.698215246200562],
[212,10.70820927619934],
[212,10.71826696395874],
[212,10.727553844451904],
[212,10.738370180130005],
[212,10.7481369972229],
[212,10.758452892303467],
[212,10.768190383911133],
[212,10.778013944625854],
[212,10.788248062133789],
[212,10.798008680343628],
[212,10.808147430419922],
[212,10.81825304031372],
[212,10.82798171043396],
[212,10.838105201721191],
[212,10.848184585571289],
[212,10.858071088790894],
[212,10.868677616119385],
[212,10.878175973892212],
[212,10.888318538665771],
[212,10.898227214813232],
[212,10.908061742782593],
[212,10.918325424194336],
[212,10.92814826965332],
[212,10.938194751739502],
[212,10.948281049728394],
[212,10.958120346069336],
[212,10.968200445175171],
[212,10.978340864181519],
[212,10.988250494003296],
[212,10.998226881027222],
[212,11.008159160614014],
[212,11.018218517303467],
[212,11.028206586837769],
[212,11.03819727897644],
[212,11.048313617706299],
[212,11.058297872543335],
[212,11.068161249160767],
[212,11.078258514404297],
[212,11.088726997375488],
[212,11.098196029663086],
[212,11.108073234558105],
[212,11.118089437484741],
[212,11.127934217453003],
[212,11.138143301010132],
[212,11.148061037063599],
[212,11.157891035079956],
[212,11.168208599090576],
[212,11.178175926208496],
[212,11.18805480003357],
[212,11.198130130767822],
[212,11.208176136016846],
[212,11.218074560165405],
[212,11.228267192840576],
[212,11.238139152526855],
[212,11.248157262802124],
[212,11.25829291343689],
[212,11.26799750328064],
[212,11.27815294265747],
[212,11.287971019744873],
[212,11.298190355300903],
[212,11.308156251907349],
[212,11.31807541847229],
[212,11.3282630443573],
[212,11.338169574737549],
[212,11.348082542419434],
[212,11.358161211013794],
[212,11.3675696849823],
[212,11.37809681892395],
[212,11.388205289840698],
[212,11.398249626159668],
[212,11.407962322235107],
[212,11.418087482452393],
[212,11.428229808807373],
[212,11.437984943389893],
[212,11.448198318481445],
[212,11.458112478256226],
[212,11.468021392822266],
[212,11.47812271118164],
[212,11.488089799880981],
[212,11.498090505599976],
[212,11.50826907157898],
[212,11.518108367919922],
[212,11.528079748153687],
[212,11.53810977935791],
[212,11.548187971115112],
[212,11.558140993118286],
[212,11.568060398101807],
[212,11.578152894973755],
[212,11.58798599243164],
[212,11.598128318786621],
[212,11.607995986938477],
[212,11.618237733840942],
[212,11.628006935119629],
[212,11.637959718704224],
[212,11.64814829826355],
[212,11.658025741577148],
[212,11.668282747268677],
[212,11.678645133972168],
[212,11.68802785873413],
[212,11.698110103607178],
[212,11.708193302154541],
[212,11.718018293380737],
[212,11.72819209098816],
[212,11.738094329833984],
